0 0.0946822308690013 0.316650390625 0.1893644617380026 0.23876953125
0 0.07392996108949416 0.206787109375 0.08041504539559015 0.07568359375
0 0.1579118028534371 0.176513671875 0.07263294422827497 0.05078125
2 0.013618677042801557 0.139892578125 0.027237354085603113 0.04052734375
2 0.5726329442282749 0.050537109375 0.0946822308690013 0.10107421875
2 0.6598573281452659 0.010498046875 0.017509727626459144 0.02099609375
0 0.8492217898832685 0.301025390625 0.2788586251621271 0.25537109375
0 0.7370298313878081 0.40380859375 0.1601815823605707 0.232421875
0 0.5917639429312581 0.32177734375 0.22762645914396887 0.2666015625
0 0.5220492866407264 0.24658203125 0.191958495460441 0.1025390625
0 0.40207522697795073 0.307373046875 0.14267185473411154 0.1650390625
0 0.1883916990920882 0.351806640625 0.31906614785992216 0.2607421875
0 0.20622568093385213 0.260498046875 0.13553826199740596 0.09375