2 0.0654296875 0.45556640625 0.130859375 0.40234375
2 0.19694010416666666 0.31884765625 0.042317708333333336 0.0751953125
2 0.6136067708333334 0.32275390625 0.033203125 0.03564453125
2 0.9127604166666666 0.373291015625 0.17447916666666666 0.32177734375
0 0.7083333333333334 0.386474609375 0.068359375 0.046875
0 0.3961588541666667 0.56884765625 0.173828125 0.18701171875
0 0.7060546875 0.506591796875 0.1875 0.1630859375
0 0.810546875 0.465576171875 0.099609375 0.16796875
0 0.7360026041666666 0.430419921875 0.09830729166666667 0.12060546875
0 0.5139973958333334 0.535888671875 0.185546875 0.1767578125
0 0.5514322916666666 0.441162109375 0.107421875 0.0517578125
0 0.4905598958333333 0.46044921875 0.103515625 0.0732421875