2 0.2552083333333333 0.35791015625 0.026041666666666668 0.03857421875
2 0.5677083333333334 0.369140625 0.037760416666666664 0.05615234375
0 0.958984375 0.6142578125 0.08138020833333333 0.12841796875
0 0.9231770833333334 0.71728515625 0.15299479166666666 0.1875
0 0.8216145833333334 0.8330078125 0.3561197916666667 0.33349609375
0 0.6848958333333334 0.62060546875 0.18294270833333334 0.15869140625
0 0.4322916666666667 0.6923828125 0.3111979166666667 0.1474609375
0 0.302734375 0.556640625 0.21809895833333334 0.12841796875
0 0.11393229166666667 0.64453125 0.22786458333333334 0.2333984375
0 0.044921875 0.4560546875 0.08658854166666667 0.044921875
0 0.18098958333333334 0.56494140625 0.134765625 0.08203125
0 0.3430989583333333 0.544921875 0.10611979166666667 0.072265625
5 0.6907552083333334 0.3173828125 0.11783854166666667 0.0546875
5 0.9485677083333334 0.298828125 0.10286458333333333 0.0771484375
5 0.4459635416666667 0.30419921875 0.19140625 0.07373046875
5 0.14388020833333334 0.328125 0.2877604166666667 0.10107421875