0 0.4147135416666667 0.68017578125 0.3561197916666667 0.162109375
0 0.6901041666666666 0.63232421875 0.17317708333333334 0.19970703125
0 0.880859375 0.72265625 0.16471354166666666 0.232421875
0 0.9583333333333334 0.8544921875 0.08333333333333333 0.24365234375
0 0.31640625 0.57177734375 0.1796875 0.09375
0 0.10807291666666667 0.64794921875 0.212890625 0.166015625
0 0.158203125 0.546875 0.12630208333333334 0.05859375
0 0.22591145833333334 0.5048828125 0.078125 0.0322265625
0 0.052734375 0.4248046875 0.07161458333333333 0.044921875
2 0.2532552083333333 0.34326171875 0.033203125 0.041015625
2 0.5377604166666666 0.353515625 0.027994791666666668 0.04736328125
5 0.6953125 0.30615234375 0.11653645833333333 0.05712890625
5 0.9518229166666666 0.28955078125 0.09635416666666667 0.07861328125
5 0.4518229166666667 0.29248046875 0.21940104166666666 0.07470703125
5 0.14518229166666666 0.31201171875 0.2897135416666667 0.10595703125