0 0.6995442708333334 0.856689453125 0.4459635416666667 0.28662109375
0 0.3330078125 0.689208984375 0.35546875 0.2255859375
0 0.626953125 0.671142578125 0.189453125 0.20703125
0 0.8619791666666666 0.6904296875 0.20768229166666666 0.14697265625
0 0.8089192708333334 0.757568359375 0.17838541666666666 0.158203125
0 0.3291015625 0.52734375 0.16080729166666666 0.09130859375
0 0.2555338541666667 0.537353515625 0.2845052083333333 0.1904296875
0 0.10026041666666667 0.60595703125 0.20052083333333334 0.23828125
0 0.154296875 0.52490234375 0.171875 0.1220703125
0 0.055013020833333336 0.38916015625 0.07291666666666667 0.05078125
2 0.2786458333333333 0.32373046875 0.040364583333333336 0.04931640625
2 0.6080729166666666 0.3984375 0.055338541666666664 0.0634765625
5 0.20442708333333334 0.275146484375 0.3020833333333333 0.13916015625
5 0.4990234375 0.30908203125 0.21484375 0.103515625
5 0.7291666666666666 0.36572265625 0.125 0.06298828125
5 0.9612630208333334 0.39111328125 0.07747395833333333 0.10546875