2 0.6381322957198443 0.07861328125 0.08106355382619974 0.15673828125
0 0.7107652399481194 0.3095703125 0.36251621271076523 0.1875
0 0.6841763942931258 0.439453125 0.27496757457846954 0.25341796875
0 0.682230869001297 0.25048828125 0.1264591439688716 0.0625
0 0.566147859922179 0.26123046875 0.17898832684824903 0.087890625
0 0.44422827496757455 0.29248046875 0.1297016861219196 0.169921875
0 0.19130998702983137 0.33642578125 0.3333333333333333 0.255859375
0 0.05771725032425422 0.310546875 0.11219195849546044 0.20703125
0 0.23929961089494164 0.24853515625 0.10376134889753567 0.06591796875
0 0.19584954604409857 0.16650390625 0.07587548638132295 0.08544921875
0 0.10311284046692606 0.16748046875 0.06939040207522698 0.0869140625
2 0.061608300907911806 0.09326171875 0.0324254215304799 0.03173828125