0 0.62109375 0.57275390625 0.15494791666666666 0.18359375
0 0.201171875 0.4697265625 0.099609375 0.16357421875
0 0.2799479166666667 0.43408203125 0.07291666666666667 0.09326171875
0 0.3072916666666667 0.390625 0.06705729166666667 0.03955078125
0 0.451171875 0.44873046875 0.07747395833333333 0.0546875
0 0.3020833333333333 0.52001953125 0.19596354166666666 0.1513671875
0 0.5026041666666666 0.54541015625 0.232421875 0.14990234375
0 0.5260416666666666 0.46630859375 0.13671875 0.0625
2 0.7897135416666666 0.3330078125 0.038411458333333336 0.09033203125
2 0.09114583333333333 0.39208984375 0.14908854166666666 0.3125
2 0.939453125 0.47802734375 0.12109375 0.3828125
2 0.4153645833333333 0.33154296875 0.018229166666666668 0.03173828125