0 0.18782552083333334 0.81298828125 0.3138020833333333 0.30224609375
0 0.12467447916666667 0.571044921875 0.19856770833333334 0.14453125
0 0.4912109375 0.5478515625 0.16341145833333334 0.189453125
0 0.341796875 0.644287109375 0.201171875 0.21044921875
0 0.7760416666666666 0.56298828125 0.38671875 0.18115234375
0 0.8629557291666666 0.451904296875 0.20638020833333334 0.11865234375
0 0.9361979166666666 0.37255859375 0.09244791666666667 0.05419921875
0 0.9710286458333334 0.420166015625 0.049479166666666664 0.0849609375
5 0.0927734375 0.23291015625 0.185546875 0.1572265625
5 0.3948567708333333 0.2333984375 0.11783854166666667 0.06298828125
5 0.6380208333333334 0.191650390625 0.24739583333333334 0.0869140625
5 0.8828125 0.156982421875 0.12955729166666666 0.09619140625