2 0.519455252918288 0.07080078125 0.13359273670557717 0.1416015625
0 0.9088845654993515 0.236083984375 0.10051880674448768 0.10791015625
0 0.9714656290531777 0.260009765625 0.057068741893644616 0.09814453125
0 0.3343060959792477 0.406982421875 0.3631647211413748 0.30859375
0 0.3453307392996109 0.300537109375 0.4079118028534371 0.2041015625
0 0.3981841763942931 0.22216796875 0.11543450064850844 0.07373046875
0 0.5265888456549935 0.257080078125 0.191958495460441 0.10107421875
0 0.6339169909208819 0.312255859375 0.19066147859922178 0.2041015625
0 0.8278210116731517 0.396484375 0.3443579766536965 0.2822265625
0 0.8476005188067445 0.31591796875 0.10440985732814527 0.072265625
0 0.9571984435797666 0.3759765625 0.08560311284046693 0.13671875