0 0.6256510416666666 0.666259765625 0.3880208333333333 0.2060546875
0 0.3434244791666667 0.655029296875 0.216796875 0.21923828125
0 0.17643229166666666 0.768798828125 0.21614583333333334 0.25048828125
0 0.13053385416666666 0.8916015625 0.138671875 0.216796875
0 0.697265625 0.546875 0.19856770833333334 0.11572265625
0 0.8981119791666666 0.5947265625 0.20377604166666666 0.19140625
0 0.8473307291666666 0.501708984375 0.13802083333333334 0.07421875
0 0.7711588541666666 0.468994140625 0.08463541666666667 0.0419921875
0 0.9231770833333334 0.36767578125 0.08072916666666667 0.0537109375
2 0.7067057291666666 0.3134765625 0.042317708333333336 0.044921875
2 0.4290364583333333 0.360595703125 0.038411458333333336 0.05029296875
5 0.2626953125 0.33447265625 0.12825520833333334 0.0712890625
5 0.03125 0.3515625 0.0625 0.08984375
5 0.4993489583333333 0.289306640625 0.23307291666666666 0.10205078125
5 0.8059895833333334 0.2685546875 0.3098958333333333 0.14208984375