2 0.78515625 0.389892578125 0.029296875 0.04736328125
2 0.447265625 0.36767578125 0.0390625 0.0615234375
0 0.053059895833333336 0.57666015625 0.10611979166666667 0.1279296875
0 0.0791015625 0.662841796875 0.1328125 0.1650390625
0 0.17643229166666666 0.809814453125 0.3528645833333333 0.35498046875
0 0.30859375 0.608154296875 0.146484375 0.15673828125
0 0.5598958333333334 0.69921875 0.33203125 0.16015625
0 0.7047526041666666 0.5908203125 0.240234375 0.16259765625
0 0.87109375 0.691162109375 0.22526041666666666 0.19677734375
0 0.8193359375 0.595458984375 0.15494791666666666 0.068359375
0 0.9609375 0.497802734375 0.078125 0.03955078125
0 0.6653645833333334 0.552734375 0.111328125 0.07373046875
5 0.0849609375 0.267333984375 0.11979166666666667 0.087890625
5 0.3326822916666667 0.3056640625 0.13997395833333334 0.06494140625
5 0.5791015625 0.314697265625 0.22005208333333334 0.0869140625
5 0.8658854166666666 0.35546875 0.2682291666666667 0.1103515625