2 0.4384765625 0.302001953125 0.08268229166666667 0.1162109375
2 0.09440104166666667 0.36865234375 0.18880208333333334 0.373046875
2 0.9322916666666666 0.598876953125 0.13541666666666666 0.21923828125
0 0.236328125 0.497314453125 0.1171875 0.205078125
0 0.3968098958333333 0.54638671875 0.177734375 0.1708984375
0 0.34765625 0.46435546875 0.13151041666666666 0.06640625
0 0.5022786458333334 0.497802734375 0.10026041666666667 0.0869140625
0 0.5992838541666666 0.52197265625 0.099609375 0.09375
0 0.7353515625 0.5625 0.16861979166666666 0.10693359375
0 0.7496744791666666 0.640869140625 0.177734375 0.1533203125
0 0.634765625 0.563232421875 0.15690104166666666 0.1572265625
5 0.22819010416666666 0.19677734375 0.22265625 0.08837890625
5 0.4495442708333333 0.230712890625 0.13411458333333334 0.0654296875
5 0.7412109375 0.2587890625 0.11263020833333333 0.0654296875
5 0.9583333333333334 0.306640625 0.048177083333333336 0.06201171875