0 0.6389973958333334 0.701416015625 0.365234375 0.2060546875
0 0.904296875 0.632080078125 0.19140625 0.22509765625
0 0.734375 0.568603515625 0.24348958333333334 0.17138671875
0 0.576171875 0.579833984375 0.13932291666666666 0.115234375
0 0.4039713541666667 0.657958984375 0.14583333333333334 0.2021484375
0 0.2701822916666667 0.632080078125 0.16861979166666666 0.10595703125
0 0.3190104166666667 0.748291015625 0.22005208333333334 0.259765625
0 0.1728515625 0.775146484375 0.15755208333333334 0.2529296875
0 0.8759765625 0.534423828125 0.12825520833333334 0.08984375
2 0.8072916666666666 0.3427734375 0.048828125 0.0556640625
2 0.3473307291666667 0.405029296875 0.055338541666666664 0.08837890625
0 0.9521484375 0.4248046875 0.083984375 0.0546875
5 0.0546875 0.35107421875 0.109375 0.091796875
5 0.3102213541666667 0.342529296875 0.11263020833333333 0.05859375
5 0.5387369791666666 0.31103515625 0.2265625 0.087890625
5 0.8323567708333334 0.302734375 0.263671875 0.12109375