0 0.4742838541666667 0.663330078125 0.2805989583333333 0.34228515625
0 0.4677734375 0.491455078125 0.087890625 0.107421875
0 0.3736979166666667 0.58544921875 0.07486979166666667 0.16357421875
0 0.1455078125 0.50927734375 0.14518229166666666 0.0966796875
0 0.6936848958333334 0.515869140625 0.21028645833333334 0.1064453125
0 0.8440755208333334 0.463623046875 0.119140625 0.16064453125
0 0.7220052083333334 0.42919921875 0.08723958333333333 0.09033203125
0 0.6598307291666666 0.437744140625 0.09309895833333333 0.08056640625
0 0.7093098958333334 0.377197265625 0.055989583333333336 0.03173828125
0 0.7757161458333334 0.392578125 0.056640625 0.04736328125
2 0.9309895833333334 0.37744140625 0.13802083333333334 0.32421875
2 0.0517578125 0.49658203125 0.103515625 0.3837890625