2 0.5247395833333334 0.37109375 0.07942708333333333 0.17236328125
2 0.9498697916666666 0.49560546875 0.099609375 0.38623046875
2 0.046875 0.42626953125 0.08984375 0.40234375
0 0.16471354166666666 0.53759765625 0.10286458333333333 0.2099609375
0 0.3411458333333333 0.56982421875 0.17122395833333334 0.1474609375
0 0.572265625 0.587890625 0.2610677083333333 0.1435546875
0 0.7135416666666666 0.63916015625 0.15625 0.17578125
0 0.4505208333333333 0.50830078125 0.06770833333333333 0.08837890625
0 0.568359375 0.51416015625 0.099609375 0.04833984375
0 0.037760416666666664 0.4091796875 0.044921875 0.05859375
5 0.9401041666666666 0.26318359375 0.11979166666666667 0.07861328125
5 0.6692708333333334 0.265625 0.10481770833333333 0.05078125
5 0.4166666666666667 0.251953125 0.23307291666666666 0.068359375
5 0.13997395833333334 0.2607421875 0.2532552083333333 0.0908203125