2 0.953125 0.47265625 0.09309895833333333 0.3291015625
2 0.447265625 0.34912109375 0.020182291666666668 0.0244140625
0 0.5026041666666666 0.58984375 0.20833333333333334 0.23583984375
0 0.5065104166666666 0.5068359375 0.10611979166666667 0.091796875
0 0.8743489583333334 0.65869140625 0.24479166666666666 0.30908203125
0 0.8984375 0.53076171875 0.07291666666666667 0.06884765625
0 0.185546875 0.58447265625 0.26953125 0.13623046875
0 0.18359375 0.4755859375 0.09765625 0.1025390625
0 0.3014322916666667 0.40576171875 0.07942708333333333 0.03662109375
0 0.19270833333333334 0.419921875 0.10807291666666667 0.03369140625
0 0.072265625 0.521484375 0.14453125 0.078125