2 0.06966145833333333 0.373046875 0.134765625 0.310546875
2 0.9453125 0.50927734375 0.109375 0.33837890625
0 0.826171875 0.4970703125 0.16536458333333334 0.1240234375
0 0.28515625 0.38134765625 0.05859375 0.03955078125
0 0.5247395833333334 0.49560546875 0.08138020833333333 0.1298828125
0 0.6178385416666666 0.578125 0.14908854166666666 0.19140625
0 0.484375 0.6455078125 0.16731770833333334 0.240234375
0 0.2994791666666667 0.5185546875 0.20572916666666666 0.10546875
0 0.3697916666666667 0.43896484375 0.048828125 0.056640625
0 0.1171875 0.48583984375 0.185546875 0.134765625
0 0.2571614583333333 0.4287109375 0.15885416666666666 0.08837890625