0 0.4352213541666667 0.720458984375 0.4075520833333333 0.2138671875
0 0.1630859375 0.724609375 0.2721354166666667 0.2353515625
0 0.6666666666666666 0.62841796875 0.16341145833333334 0.21240234375
0 0.8076171875 0.5634765625 0.19466145833333334 0.11572265625
0 0.8365885416666666 0.718994140625 0.2552083333333333 0.30517578125
0 0.9173177083333334 0.649169921875 0.14778645833333334 0.146484375
0 0.3401692708333333 0.63037109375 0.212890625 0.1416015625
2 0.552734375 0.3740234375 0.05078125 0.08251953125
2 0.16438802083333334 0.423095703125 0.051432291666666664 0.0546875
0 0.17513020833333334 0.613037109375 0.142578125 0.0830078125
0 0.0244140625 0.540771484375 0.048828125 0.04150390625
5 0.8766276041666666 0.254150390625 0.15299479166666666 0.099609375
5 0.6145833333333334 0.3076171875 0.12109375 0.0693359375
5 0.3782552083333333 0.331787109375 0.23046875 0.10205078125
5 0.12434895833333333 0.388916015625 0.24869791666666666 0.13232421875