2 0.71728515625 0.27496757457846954 0.12109375 0.4357976653696498
2 0.42236328125 0.1309987029831388 0.01806640625 0.05966277561608301
2 0.53125 0.122568093385214 0.01318359375 0.04669260700389105
2 0.5185546875 0.11738002594033722 0.01953125 0.05188067444876784
2 0.4716796875 0.11802853437094682 0.01708984375 0.03372243839169909
2 0.0390625 0.20817120622568094 0.029296875 0.058365758754863814
0 0.1796875 0.26523994811932555 0.072265625 0.061608300907911806
0 0.44873046875 0.3638132295719844 0.1298828125 0.13813229571984437
0 0.5146484375 0.29961089494163423 0.13232421875 0.04215304798962387
0 0.5234375 0.3547341115434501 0.078125 0.08430609597924774
0 0.45751953125 0.3022049286640726 0.12109375 0.04345006485084306
5 0.29296875 0.08236057068741894 0.22509765625 0.1575875486381323
5 0.52099609375 0.06355382619974059 0.14697265625 0.06809338521400778
5 0.74755859375 0.03437094682230869 0.08544921875 0.0648508430609598
5 0.97509765625 0.029831387808041506 0.0498046875 0.05966277561608301