2 0.23177083333333334 0.3681640625 0.022786458333333332 0.0458984375
2 0.5709635416666666 0.37255859375 0.03125 0.0595703125
0 0.9440104166666666 0.6123046875 0.111328125 0.11962890625
0 0.8958333333333334 0.69482421875 0.111328125 0.1572265625
0 0.8118489583333334 0.83642578125 0.3763020833333333 0.3271484375
0 0.6751302083333334 0.62255859375 0.12630208333333334 0.1474609375
0 0.4127604166666667 0.693359375 0.314453125 0.13623046875
0 0.2838541666666667 0.57421875 0.22135416666666666 0.14599609375
0 0.10416666666666667 0.6611328125 0.201171875 0.18212890625
0 0.16927083333333334 0.56982421875 0.14778645833333334 0.05712890625
0 0.041015625 0.4619140625 0.07486979166666667 0.03369140625
0 0.328125 0.53955078125 0.10286458333333333 0.06591796875
5 0.9453125 0.30126953125 0.109375 0.07958984375
5 0.693359375 0.31982421875 0.1328125 0.0546875
5 0.447265625 0.3095703125 0.21158854166666666 0.07080078125
5 0.142578125 0.32666015625 0.2845052083333333 0.08837890625