2 0.6309987029831388 0.07421875 0.08625162127107652 0.1455078125
2 0.0648508430609598 0.0986328125 0.029182879377431907 0.03271484375
0 0.19584954604409857 0.16552734375 0.06939040207522698 0.09765625
0 0.10246433203631647 0.17138671875 0.08106355382619974 0.08544921875
0 0.691958495460441 0.4423828125 0.2827496757457847 0.26220703125
0 0.7178988326848249 0.33740234375 0.374189364461738 0.1357421875
0 0.6939040207522698 0.25146484375 0.09922178988326848 0.05615234375
0 0.5577172503242542 0.26025390625 0.17380025940337224 0.06982421875
0 0.4351491569390402 0.29248046875 0.13164721141374838 0.1845703125
0 0.21141374837872892 0.3349609375 0.2892347600518807 0.23388671875
0 0.22762645914396887 0.25439453125 0.08754863813229571 0.05712890625
0 0.06355382619974059 0.28369140625 0.1264591439688716 0.1162109375