0 0.3802083333333333 0.70703125 0.373046875 0.16357421875
0 0.11197916666666667 0.67236328125 0.22330729166666666 0.20703125
0 0.630859375 0.64990234375 0.11458333333333333 0.19970703125
0 0.7858072916666666 0.6064453125 0.17447916666666666 0.09228515625
0 0.7747395833333334 0.76318359375 0.18619791666666666 0.28369140625
0 0.8717447916666666 0.7060546875 0.11653645833333333 0.13232421875
0 0.3098958333333333 0.60498046875 0.18619791666666666 0.1171875
2 0.583984375 0.3837890625 0.03125 0.07958984375
2 0.19010416666666666 0.37646484375 0.039713541666666664 0.0498046875
0 0.15234375 0.564453125 0.12825520833333334 0.06591796875
0 0.021484375 0.4716796875 0.04296875 0.0361328125
5 0.9322916666666666 0.3125 0.134765625 0.08203125
5 0.6614583333333334 0.32763671875 0.109375 0.0546875
5 0.4231770833333333 0.3173828125 0.21614583333333334 0.072265625
5 0.13736979166666666 0.333984375 0.2747395833333333 0.0947265625