0 0.4108072916666667 0.708984375 0.3216145833333333 0.16455078125
0 0.7044270833333334 0.62939453125 0.177734375 0.1787109375
0 0.8372395833333334 0.830078125 0.3248697916666667 0.33984375
0 0.9264322916666666 0.708984375 0.146484375 0.1796875
0 0.9641927083333334 0.61328125 0.07161458333333333 0.12109375
0 0.3098958333333333 0.56103515625 0.19270833333333334 0.16748046875
0 0.3391927083333333 0.53857421875 0.09440104166666667 0.0673828125
0 0.19075520833333334 0.5751953125 0.14453125 0.1123046875
0 0.11067708333333333 0.64013671875 0.22135416666666666 0.2470703125
0 0.046875 0.4619140625 0.08658854166666667 0.0458984375
2 0.24739583333333334 0.361328125 0.03125 0.037109375
2 0.56640625 0.373046875 0.026041666666666668 0.0537109375
5 0.14322916666666666 0.32421875 0.2864583333333333 0.0986328125
5 0.4453125 0.3076171875 0.236328125 0.0673828125
5 0.68359375 0.314453125 0.12630208333333334 0.05078125
5 0.943359375 0.2998046875 0.11328125 0.07470703125