2 0.6543450064850843 0.05712890625 0.0648508430609598 0.11376953125
0 0.9383916990920882 0.32177734375 0.122568093385214 0.20703125
0 0.7529182879377432 0.4248046875 0.17380025940337224 0.24365234375
0 0.6206225680933852 0.3271484375 0.18028534370946822 0.24462890625
0 0.5713359273670557 0.24853515625 0.17898832684824903 0.08544921875
0 0.41245136186770426 0.31005859375 0.12840466926070038 0.1591796875
0 0.22114137483787288 0.34228515625 0.26653696498054474 0.24853515625
0 0.12710765239948119 0.27978515625 0.188715953307393 0.24609375
0 0.251621271076524 0.22802734375 0.1932555123216602 0.09033203125
0 0.22243839169909208 0.15234375 0.05317769130998703 0.072265625
0 0.13748378728923477 0.17236328125 0.05317769130998703 0.0771484375
2 0.08625162127107652 0.0986328125 0.02594033722438392 0.04248046875