2 0.06966145833333333 0.37548828125 0.13020833333333334 0.3125
2 0.9348958333333334 0.52392578125 0.12955729166666666 0.2939453125
0 0.78125 0.48876953125 0.16927083333333334 0.10400390625
0 0.287109375 0.380859375 0.0546875 0.041015625
0 0.5260416666666666 0.4970703125 0.08723958333333333 0.12060546875
0 0.6087239583333334 0.57275390625 0.142578125 0.17431640625
0 0.486328125 0.65185546875 0.17122395833333334 0.26806640625
0 0.314453125 0.5146484375 0.21614583333333334 0.10986328125
0 0.130859375 0.4892578125 0.146484375 0.11474609375
0 0.24088541666666666 0.43505859375 0.15494791666666666 0.07958984375
0 0.3821614583333333 0.43896484375 0.07747395833333333 0.0439453125
0 0.3229166666666667 0.4365234375 0.056640625 0.0517578125
2 0.4563802083333333 0.32861328125 0.018229166666666668 0.03173828125