0 0.7470817120622568 0.3369140625 0.42282749675745784 0.1494140625
0 0.711413748378729 0.435546875 0.26653696498054474 0.26318359375
0 0.5583657587548638 0.25244140625 0.185473411154345 0.07568359375
0 0.6926070038910506 0.25244140625 0.13813229571984437 0.05859375
0 0.4396887159533074 0.28125 0.12321660181582361 0.16015625
0 0.20817120622568094 0.3359375 0.3086900129701686 0.25
0 0.06809338521400778 0.29736328125 0.11024643320363164 0.15771484375
0 0.22632944228274968 0.24609375 0.10700389105058365 0.068359375
0 0.20103761348897536 0.16650390625 0.06939040207522698 0.0830078125
0 0.10505836575875487 0.1728515625 0.08300907911802853 0.07568359375
2 0.6316472114137484 0.07861328125 0.07457846952010376 0.154296875
2 0.0609597924773022 0.09765625 0.0304798962386511 0.03271484375