2 0.6575875486381323 0.08251953125 0.08819714656290532 0.15869140625
0 0.7195201037613489 0.315185546875 0.37094682230869 0.19677734375
0 0.6867704280155642 0.4443359375 0.28664072632944226 0.26025390625
0 0.693579766536965 0.25537109375 0.12905317769131 0.06591796875
0 0.5771725032425421 0.26318359375 0.1828793774319066 0.0927734375
0 0.45395590142671854 0.291259765625 0.13748378728923477 0.17333984375
0 0.19909208819714655 0.328369140625 0.3450064850843061 0.2646484375
0 0.06679636835278858 0.299072265625 0.1219195849546044 0.2099609375
0 0.2509727626459144 0.241943359375 0.10700389105058365 0.06884765625
0 0.21141374837872892 0.15869140625 0.07976653696498054 0.08740234375
0 0.11867704280155641 0.1572265625 0.07328145265888457 0.0888671875
2 0.08073929961089495 0.08203125 0.03372243839169909 0.03271484375