0 0.8647859922178989 0.248779296875 0.23476005188067445 0.23681640625
0 0.8274967574578469 0.14208984375 0.07846952010376135 0.07470703125
0 0.7367055771725033 0.126708984375 0.07198443579766536 0.0498046875
2 0.8715953307392996 0.06591796875 0.03761348897535668 0.0400390625
2 0.2931258106355383 0.068603515625 0.09208819714656291 0.11181640625
2 0.19649805447470817 0.04541015625 0.016861219195849545 0.03125
0 0.11867704280155641 0.364990234375 0.23735408560311283 0.25244140625
0 0.24027237354085604 0.446533203125 0.1556420233463035 0.2314453125
0 0.35732814526588846 0.341796875 0.22243839169909208 0.2646484375
0 0.4027237354085603 0.2568359375 0.19001297016861218 0.1005859375
0 0.5379377431906615 0.295654296875 0.13942931258106356 0.16357421875
0 0.7594033722438391 0.302734375 0.3138780804150454 0.25732421875
0 0.7146562905317769 0.216796875 0.13424124513618677 0.09228515625