0 0.23994811932555124 0.135498046875 0.061608300907911806 0.06884765625
0 0.1549935149156939 0.162109375 0.06614785992217899 0.0673828125
0 0.23573281452658884 0.322509765625 0.25486381322957197 0.24853515625
0 0.14007782101167315 0.274169921875 0.23022049286640725 0.24658203125
0 0.2843709468223087 0.2255859375 0.17704280155642024 0.10693359375
0 0.4263942931258106 0.30810546875 0.10311284046692606 0.15185546875
0 0.5872243839169909 0.257080078125 0.19584954604409857 0.09033203125
0 0.6378080415045395 0.3271484375 0.22243839169909208 0.24755859375
0 0.7506485084306096 0.427490234375 0.18093385214007782 0.2578125
0 0.9247730220492867 0.34033203125 0.1504539559014267 0.2158203125
2 0.6650453955901426 0.062255859375 0.08625162127107652 0.11572265625