0 0.8998054474708171 0.38037109375 0.20038910505836577 0.2490234375
0 0.7597276264591439 0.461669921875 0.1549935149156939 0.2392578125
0 0.6595330739299611 0.34716796875 0.24124513618677043 0.2607421875
0 0.6170557717250325 0.26416015625 0.20298313878080415 0.11767578125
0 0.4659533073929961 0.299560546875 0.16601815823605706 0.193359375
0 0.2801556420233463 0.296875 0.33138780804150453 0.28271484375
0 0.17444876783398183 0.230712890625 0.2827496757457847 0.25390625
0 0.20946822308690013 0.126708984375 0.07911802853437094 0.06884765625
0 0.3005836575875486 0.112060546875 0.0654993514915694 0.04931640625
2 0.17574578469520102 0.048828125 0.03826199740596628 0.044921875
2 0.7474059662775616 0.08203125 0.09727626459143969 0.1201171875
2 0.8427367055771725 0.065185546875 0.01556420233463035 0.02783203125