2 0.18424479166666666 0.1982421875 0.03125 0.03857421875
2 0.443359375 0.21826171875 0.033203125 0.0458984375
2 0.23502604166666666 0.19482421875 0.01953125 0.02734375
0 0.9485677083333334 0.48876953125 0.10286458333333333 0.125
0 0.7122395833333334 0.5537109375 0.2578125 0.23486328125
0 0.3118489583333333 0.53515625 0.2662760416666667 0.16455078125
0 0.08072916666666667 0.509765625 0.16145833333333334 0.1748046875
0 0.23177083333333334 0.4150390625 0.19986979166666666 0.1474609375
0 0.038411458333333336 0.388671875 0.076171875 0.07958984375
0 0.083984375 0.37451171875 0.07486979166666667 0.04833984375
0 0.115234375 0.40234375 0.109375 0.06494140625
0 0.6067708333333334 0.4814453125 0.1328125 0.1572265625
0 0.033854166666666664 0.28369140625 0.06770833333333333 0.04736328125
5 0.109375 0.14697265625 0.21809895833333334 0.09619140625
5 0.3515625 0.1591796875 0.14322916666666666 0.0458984375
5 0.646484375 0.17041015625 0.099609375 0.05859375
5 0.9342447916666666 0.16455078125 0.13151041666666666 0.08349609375