0 0.390625 0.58154296875 0.17708333333333334 0.15771484375
0 0.3404947916666667 0.4755859375 0.09765625 0.05322265625
0 0.4967447916666667 0.55615234375 0.16080729166666666 0.1376953125
0 0.4772135416666667 0.4658203125 0.11783854166666667 0.05810546875
0 0.546875 0.45703125 0.08528645833333333 0.0625
0 0.8294270833333334 0.490234375 0.12434895833333333 0.12548828125
0 0.6959635416666666 0.5224609375 0.224609375 0.1376953125
0 0.7233072916666666 0.4365234375 0.11588541666666667 0.08544921875
0 0.685546875 0.3916015625 0.07747395833333333 0.0439453125
2 0.9049479166666666 0.3876953125 0.140625 0.2939453125
2 0.06575520833333333 0.4677734375 0.13151041666666666 0.41162109375
2 0.236328125 0.33984375 0.036458333333333336 0.06396484375
2 0.5774739583333334 0.33544921875 0.027994791666666668 0.03369140625