0 0.3893229166666667 0.337890625 0.234375 0.14599609375
0 0.2955729166666667 0.23681640625 0.23828125 0.12109375
0 0.7434895833333334 0.494140625 0.16666666666666666 0.15869140625
0 0.83984375 0.396484375 0.10286458333333333 0.12744140625
0 0.6399739583333334 0.40869140625 0.13997395833333334 0.1123046875
0 0.6165364583333334 0.33984375 0.076171875 0.08984375
0 0.5188802083333334 0.287109375 0.08463541666666667 0.08349609375
0 0.4830729166666667 0.3466796875 0.12630208333333334 0.10595703125
2 0.091796875 0.13330078125 0.18294270833333334 0.26611328125
2 0.4856770833333333 0.0419921875 0.09114583333333333 0.08349609375
2 0.91015625 0.4150390625 0.1796875 0.25732421875