0 0.5048828125 0.59228515625 0.18489583333333334 0.2333984375
0 0.5087890625 0.51318359375 0.095703125 0.0771484375
0 0.8723958333333334 0.712646484375 0.2552083333333333 0.30810546875
0 0.8909505208333334 0.511962890625 0.10026041666666667 0.10400390625
0 0.18880208333333334 0.591552734375 0.2584635416666667 0.15185546875
0 0.2962239583333333 0.413330078125 0.06575520833333333 0.03759765625
0 0.17415364583333334 0.436279296875 0.06966145833333333 0.03759765625
0 0.18684895833333334 0.499755859375 0.08919270833333333 0.08203125
0 0.06412760416666667 0.533447265625 0.12825520833333334 0.10400390625
2 0.9573567708333334 0.473388671875 0.08528645833333333 0.30419921875
2 0.024088541666666668 0.356201171875 0.048177083333333336 0.06005859375