2 0.9127604166666666 0.42431640625 0.17447916666666666 0.314453125
2 0.09016927083333333 0.432373046875 0.18033854166666666 0.39599609375
2 0.5947265625 0.345458984375 0.038411458333333336 0.041015625
2 0.2884114583333333 0.318603515625 0.051432291666666664 0.07470703125
0 0.728515625 0.403076171875 0.08268229166666667 0.05517578125
0 0.3759765625 0.56884765625 0.21875 0.17724609375
0 0.6770833333333334 0.55126953125 0.24934895833333334 0.12451171875
0 0.8623046875 0.5263671875 0.197265625 0.146484375
0 0.7447916666666666 0.45849609375 0.13216145833333334 0.10498046875
0 0.6494140625 0.464599609375 0.10872395833333333 0.05615234375
0 0.5764973958333334 0.46923828125 0.10221354166666667 0.06640625
0 0.4856770833333333 0.4716796875 0.12760416666666666 0.07421875
0 0.4716796875 0.552490234375 0.22395833333333334 0.18505859375
0 0.3603515625 0.476318359375 0.16145833333333334 0.09423828125