2 0.6504539559014267 0.0556640625 0.06939040207522698 0.111328125
0 0.2178988326848249 0.14599609375 0.058365758754863814 0.0634765625
0 0.13942931258106356 0.1728515625 0.06939040207522698 0.068359375
0 0.914396887159533 0.326171875 0.17120622568093385 0.21044921875
0 0.7542153047989624 0.42236328125 0.19001297016861218 0.23388671875
0 0.6251621271076524 0.3310546875 0.185473411154345 0.26953125
0 0.5745784695201037 0.24755859375 0.19520103761348898 0.10009765625
0 0.4079118028534371 0.314453125 0.13164721141374838 0.17724609375
0 0.13813229571984437 0.28759765625 0.24059662775616084 0.23388671875
0 0.20752269779507135 0.3271484375 0.2717250324254215 0.2421875
0 0.2723735408560311 0.23095703125 0.19649805447470817 0.09423828125
2 0.08560311284046693 0.09912109375 0.03372243839169909 0.04150390625