0 0.23832684824902725 0.350341796875 0.4357976653696498 0.17138671875
0 0.2830739299610895 0.44677734375 0.2905317769130999 0.2763671875
0 0.41893644617380027 0.256103515625 0.191958495460441 0.08544921875
0 0.2850194552529183 0.26318359375 0.14332036316472113 0.06591796875
0 0.5398832684824902 0.278564453125 0.13748378728923477 0.166015625
0 0.7759403372243839 0.321044921875 0.33138780804150453 0.265625
0 0.9121271076523995 0.275146484375 0.1245136186770428 0.1630859375
0 0.7493514915693904 0.232421875 0.11284046692607004 0.07373046875
0 0.7671854734111544 0.151611328125 0.07717250324254216 0.08642578125
0 0.8638132295719845 0.15283203125 0.09014267185473411 0.080078125
2 0.32976653696498054 0.086669921875 0.08884565499351492 0.15771484375
2 0.9007782101167315 0.07568359375 0.03372243839169909 0.0341796875