0 0.7075226977950714 0.43603515625 0.27496757457846954 0.25732421875
0 0.7094682230869002 0.3154296875 0.39040207522697795 0.17236328125
0 0.7016861219195849 0.251953125 0.1264591439688716 0.06494140625
0 0.562905317769131 0.2529296875 0.185473411154345 0.072265625
0 0.46173800259403375 0.29052734375 0.1608300907911803 0.1640625
0 0.21141374837872892 0.33154296875 0.3320363164721141 0.25830078125
0 0.22892347600518806 0.25244140625 0.0959792477302205 0.0634765625
0 0.05317769130998703 0.314453125 0.10246433203631647 0.1845703125
0 0.10246433203631647 0.173828125 0.07457846952010376 0.078125
0 0.1893644617380026 0.158203125 0.06614785992217899 0.087890625
2 0.6342412451361867 0.0751953125 0.08300907911802853 0.1455078125
2 0.06355382619974059 0.09619140625 0.0324254215304799 0.0302734375