2 0.5514322916666666 0.37548828125 0.11458333333333333 0.1796875
2 0.927734375 0.548095703125 0.14453125 0.39306640625
2 0.07682291666666667 0.373779296875 0.15364583333333334 0.40771484375
0 0.1611328125 0.497802734375 0.14518229166666666 0.21923828125
0 0.3284505208333333 0.55029296875 0.19986979166666666 0.16552734375
0 0.5530598958333334 0.59521484375 0.2877604166666667 0.17236328125
0 0.6819661458333334 0.66259765625 0.19075520833333334 0.19189453125
0 0.4495442708333333 0.50244140625 0.08528645833333333 0.09521484375
0 0.564453125 0.52197265625 0.10872395833333333 0.0595703125
0 0.0625 0.35595703125 0.056640625 0.06298828125
5 0.9583333333333334 0.3173828125 0.08333333333333333 0.091796875
5 0.7161458333333334 0.288330078125 0.11393229166666667 0.0625
5 0.4694010416666667 0.2451171875 0.244140625 0.0947265625
5 0.1943359375 0.221435546875 0.2688802083333333 0.11962890625