0 0.20817120622568094 0.3310546875 0.2503242542153048 0.24462890625
0 0.11802853437094682 0.25 0.23216601815823606 0.16162109375
0 0.12840466926070038 0.17041015625 0.061608300907911806 0.068359375
0 0.2140077821011673 0.14697265625 0.07911802853437094 0.0537109375
0 0.619325551232166 0.33837890625 0.20946822308690013 0.2421875
0 0.8751621271076524 0.314208984375 0.2496757457846952 0.19482421875
0 0.7561608300907912 0.42578125 0.1251621271076524 0.23388671875
0 0.45395590142671854 0.30224609375 0.14267185473411154 0.111328125
0 0.5778210116731517 0.24755859375 0.188715953307393 0.09033203125
2 0.6446173800259404 0.0595703125 0.08106355382619974 0.11865234375
2 0.7367055771725033 0.02099609375 0.0304798962386511 0.02685546875
2 0.06939040207522698 0.09375 0.027237354085603113 0.03515625