0 0.7542153047989624 0.4287109375 0.10894941634241245 0.23486328125
0 0.9053177691309987 0.322265625 0.1893644617380026 0.212890625
0 0.619325551232166 0.326171875 0.1608300907911803 0.24462890625
0 0.5674448767833982 0.251953125 0.19001297016861218 0.08935546875
0 0.42088197146562906 0.30712890625 0.13488975356679636 0.17236328125
0 0.22114137483787288 0.32958984375 0.2535667963683528 0.259765625
0 0.1219195849546044 0.26708984375 0.2146562905317769 0.203125
0 0.13164721141374838 0.17138671875 0.061608300907911806 0.05615234375
0 0.21595330739299612 0.146484375 0.07911802853437094 0.05712890625
2 0.7354085603112841 0.02392578125 0.019455252918287938 0.02783203125
2 0.6459143968871596 0.0576171875 0.06809338521400778 0.11474609375
2 0.07652399481193256 0.095703125 0.035667963683527884 0.03662109375