0 0.9234760051880675 0.31396484375 0.14461738002594035 0.1982421875
0 0.7568093385214008 0.416015625 0.15239948119325553 0.24072265625
0 0.6151102464332037 0.321044921875 0.19974059662775617 0.2509765625
0 0.564526588845655 0.25244140625 0.1861219195849546 0.0966796875
0 0.4066147859922179 0.3173828125 0.13683527885862518 0.15771484375
0 0.21562905317769132 0.33935546875 0.261348897535668 0.25341796875
0 0.12127107652399481 0.2978515625 0.23411154345006485 0.255859375
0 0.24059662775616084 0.239013671875 0.21076523994811933 0.099609375
0 0.2133592736705577 0.15478515625 0.07068741893644617 0.056640625
0 0.11900129701686121 0.17529296875 0.05901426718547341 0.06494140625
2 0.6339169909208819 0.0517578125 0.08106355382619974 0.103515625
2 0.07328145265888457 0.112548828125 0.027885862516212712 0.04443359375