2 0.9361979166666666 0.4501953125 0.12760416666666666 0.40087890625
2 0.798828125 0.31494140625 0.040364583333333336 0.07470703125
2 0.3821614583333333 0.32421875 0.032552083333333336 0.03515625
2 0.083984375 0.37890625 0.16731770833333334 0.31982421875
0 0.2890625 0.38916015625 0.06705729166666667 0.0458984375
0 0.60546875 0.5673828125 0.16927083333333334 0.18505859375
0 0.2942708333333333 0.50927734375 0.18359375 0.16064453125
0 0.18880208333333334 0.4697265625 0.095703125 0.16650390625
0 0.2623697916666667 0.43359375 0.095703125 0.119140625
0 0.4869791666666667 0.5361328125 0.181640625 0.17431640625
0 0.447265625 0.44189453125 0.10611979166666667 0.05029296875
0 0.5084635416666666 0.46044921875 0.1015625 0.07177734375