0 0.4397786458333333 0.72119140625 0.3763020833333333 0.2021484375
0 0.8522135416666666 0.7607421875 0.2955729166666667 0.4072265625
0 0.6653645833333334 0.626953125 0.11783854166666667 0.19189453125
0 0.154296875 0.71630859375 0.2578125 0.2236328125
0 0.17220052083333334 0.60986328125 0.13997395833333334 0.083984375
0 0.3333333333333333 0.572509765625 0.19921875 0.07177734375
0 0.326171875 0.61767578125 0.20833333333333334 0.10498046875
0 0.8528645833333334 0.5615234375 0.232421875 0.1259765625
0 0.9163411458333334 0.662353515625 0.16731770833333334 0.18310546875
0 0.032552083333333336 0.53076171875 0.06510416666666667 0.041015625
2 0.17545572916666666 0.4130859375 0.03515625 0.04833984375
2 0.5559895833333334 0.378662109375 0.049479166666666664 0.0634765625
5 0.12369791666666667 0.38427734375 0.24739583333333334 0.125
5 0.390625 0.3271484375 0.240234375 0.09716796875
5 0.6282552083333334 0.303466796875 0.12955729166666666 0.0654296875
5 0.8899739583333334 0.257568359375 0.134765625 0.08837890625