2 0.3732166018158236 0.05419921875 0.07457846952010376 0.1083984375
2 0.2846952010376135 0.0185546875 0.017509727626459144 0.0322265625
2 0.940337224383917 0.11181640625 0.0311284046692607 0.0498046875
0 0.1222438391699092 0.306396484375 0.23476005188067445 0.19921875
0 0.25551232166018156 0.42431640625 0.12775616083009078 0.19775390625
0 0.38780804150453957 0.3310546875 0.19649805447470817 0.24853515625
0 0.44357976653696496 0.243896484375 0.19520103761348898 0.07958984375
0 0.5716601815823605 0.299072265625 0.11738002594033722 0.15576171875
0 0.7652399481193255 0.3359375 0.3002594033722438 0.25341796875
0 0.8829442282749675 0.253173828125 0.23411154345006485 0.16162109375
0 0.804798962386511 0.15283203125 0.054474708171206226 0.06103515625
0 0.8803501945525292 0.1748046875 0.06420233463035019 0.05859375