2 0.07877604166666667 0.3876953125 0.15299479166666666 0.3125
2 0.9342447916666666 0.4970703125 0.13151041666666666 0.353515625
2 0.4459635416666667 0.333984375 0.022135416666666668 0.03955078125
2 0.6966145833333334 0.33837890625 0.027994791666666668 0.05810546875
0 0.2805989583333333 0.3837890625 0.07096354166666667 0.0439453125
0 0.6803385416666666 0.478515625 0.15494791666666666 0.0810546875
0 0.6022135416666666 0.5888671875 0.15104166666666666 0.15771484375
0 0.48828125 0.578125 0.11002604166666667 0.20361328125
0 0.310546875 0.529296875 0.24479166666666666 0.11767578125
0 0.13802083333333334 0.49462890625 0.12825520833333334 0.1220703125
0 0.2688802083333333 0.45166015625 0.11588541666666667 0.0546875
0 0.4055989583333333 0.4482421875 0.05859375 0.04736328125
0 0.3411458333333333 0.44677734375 0.07747395833333333 0.05322265625
0 0.5188802083333334 0.4697265625 0.11002604166666667 0.0654296875