2 0.10311284046692606 0.3623046875 0.027237354085603113 0.0400390625
2 0.688715953307393 0.2978515625 0.02594033722438392 0.0341796875
2 0.5810635538261998 0.31005859375 0.0324254215304799 0.0634765625
2 0.7788586251621271 0.40673828125 0.1251621271076524 0.32080078125
2 0.4046692607003891 0.34814453125 0.11219195849546044 0.2548828125
0 0.2587548638132296 0.408203125 0.05512321660181582 0.0439453125
0 0.2133592736705577 0.40380859375 0.04215304798962387 0.05224609375
0 0.5739299610894941 0.5380859375 0.11219195849546044 0.1220703125
0 0.5479896238651103 0.48583984375 0.08300907911802853 0.0595703125
0 0.4889753566796368 0.46630859375 0.0927367055771725 0.05224609375
0 0.47470817120622566 0.552734375 0.09922178988326848 0.13232421875
0 0.38845654993514916 0.5068359375 0.11867704280155641 0.0625
0 0.2898832684824903 0.5146484375 0.15888456549935148 0.134765625