2 0.07747395833333333 0.3671875 0.14453125 0.3125
2 0.9381510416666666 0.522216796875 0.12369791666666667 0.32275390625
2 0.6949869791666666 0.339111328125 0.037109375 0.06201171875
2 0.4622395833333333 0.32861328125 0.031901041666666664 0.03466796875
0 0.7298177083333334 0.488525390625 0.1953125 0.09326171875
0 0.5979817708333334 0.589599609375 0.17903645833333334 0.1787109375
0 0.5120442708333334 0.494384765625 0.1015625 0.123046875
0 0.2887369791666667 0.376708984375 0.06575520833333333 0.0517578125
0 0.3125 0.5283203125 0.2643229166666667 0.1259765625
0 0.4827473958333333 0.63134765625 0.14973958333333334 0.28369140625
0 0.15592447916666666 0.474853515625 0.18098958333333334 0.12646484375
0 0.33984375 0.438720703125 0.07552083333333333 0.056640625
0 0.396484375 0.444091796875 0.06380208333333333 0.0546875
0 0.28125 0.44140625 0.10677083333333333 0.06103515625