0 0.7392996108949417 0.400634765625 0.05512321660181582 0.04931640625
0 0.7859922178988327 0.393310546875 0.048638132295719845 0.046875
0 0.7195201037613489 0.511474609375 0.19844357976653695 0.150390625
0 0.6141374837872893 0.5068359375 0.12062256809338522 0.08251953125
0 0.5126459143968871 0.46826171875 0.09533073929961089 0.068359375
0 0.4575226977950713 0.487548828125 0.07717250324254216 0.07275390625
0 0.42412451361867703 0.547119140625 0.14332036316472113 0.154296875
0 0.5272373540856031 0.55615234375 0.10311284046692606 0.13916015625
2 0.2175745784695201 0.417236328125 0.1562905317769131 0.33935546875
2 0.4079118028534371 0.31640625 0.04669260700389105 0.06640625
2 0.29863813229571984 0.304931640625 0.029182879377431907 0.03369140625
2 0.5966277561608301 0.3466796875 0.13878080415045396 0.25146484375
2 0.8835927367055771 0.349365234375 0.03955901426718547 0.03662109375