2 0.07782101167315175 0.083984375 0.029182879377431907 0.03759765625
2 0.6491569390402075 0.05859375 0.07782101167315175 0.1171875
2 0.7405966277561609 0.02880859375 0.029182879377431907 0.03759765625
0 0.2127107652399481 0.15087890625 0.07587548638132295 0.068359375
0 0.1251621271076524 0.169921875 0.0648508430609598 0.0625
0 0.8644617380025941 0.31982421875 0.2704280155642023 0.21533203125
0 0.74189364461738 0.427734375 0.16601815823605706 0.23486328125
0 0.6232166018158236 0.33642578125 0.20492866407263294 0.24609375
0 0.5739299610894941 0.25146484375 0.19649805447470817 0.107421875
0 0.4409857328145266 0.2841796875 0.1264591439688716 0.173828125
0 0.21076523994811933 0.3271484375 0.28793774319066145 0.23974609375
0 0.10440985732814527 0.291015625 0.20817120622568094 0.236328125
0 0.23929961089494164 0.25390625 0.09727626459143969 0.05859375