0 0.9319066147859922 0.3251953125 0.13553826199740596 0.19482421875
0 0.7607003891050583 0.4228515625 0.14137483787289234 0.2373046875
0 0.6232166018158236 0.32421875 0.188715953307393 0.24609375
0 0.5758754863813229 0.25439453125 0.182230869001297 0.091796875
0 0.4150453955901427 0.31494140625 0.1297016861219196 0.154296875
0 0.2230869001297017 0.33203125 0.2503242542153048 0.2470703125
0 0.1309987029831388 0.2880859375 0.22243839169909208 0.25
0 0.2529182879377432 0.232421875 0.20622568093385213 0.09423828125
0 0.22957198443579765 0.1474609375 0.06809338521400778 0.0546875
0 0.13424124513618677 0.16552734375 0.05642023346303502 0.0634765625
2 0.6549935149156939 0.05322265625 0.07587548638132295 0.1064453125
2 0.0914396887159533 0.1015625 0.02594033722438392 0.0439453125