2 0.28566796368352787 0.095703125 0.11348897535667964 0.1591796875
0 0.7422178988326849 0.134521484375 0.08754863813229571 0.09130859375
0 0.8313878080415046 0.139404296875 0.08495460440985733 0.07763671875
0 0.24773022049286642 0.34912109375 0.40142671854734113 0.19775390625
0 0.29831387808041504 0.461181640625 0.3164721141374838 0.26513671875
0 0.3968871595330739 0.266357421875 0.19714656290531776 0.08642578125
0 0.2493514915693904 0.272705078125 0.10051880674448768 0.06494140625
0 0.5356679636835279 0.294189453125 0.14072632944228275 0.18212890625
0 0.7629701686121919 0.304931640625 0.34954604409857326 0.267578125
0 0.8891050583657587 0.244873046875 0.15304798962386512 0.134765625
0 0.7217898832684825 0.23193359375 0.09727626459143969 0.06591796875
2 0.8602464332036317 0.0546875 0.03761348897535668 0.0419921875