0 0.3974609375 0.58740234375 0.1953125 0.201171875
0 0.7874348958333334 0.43115234375 0.13606770833333334 0.173828125
0 0.7014973958333334 0.406494140625 0.09309895833333333 0.1015625
0 0.6643880208333334 0.3671875 0.07552083333333333 0.0478515625
0 0.5361328125 0.443115234375 0.08919270833333333 0.06396484375
0 0.6995442708333334 0.493896484375 0.22786458333333334 0.1748046875
0 0.5078125 0.545166015625 0.263671875 0.177734375
0 0.4664713541666667 0.47021484375 0.14908854166666666 0.07958984375
2 0.17610677083333334 0.373291015625 0.05859375 0.09375
2 0.8776041666666666 0.340576171875 0.21940104166666666 0.3271484375
2 0.0830078125 0.53564453125 0.166015625 0.392578125
2 0.5442708333333334 0.322998046875 0.025390625 0.03369140625