2 0.20416124837451236 0.4658203125 0.13589076723016905 0.248046875
2 0.23016905071521457 0.40380859375 0.02600780234070221 0.06396484375
2 0.6443433029908973 0.4609375 0.1033810143042913 0.166015625
2 0.85370611183355 0.521484375 0.15214564369310793 0.24658203125
0 0.30624187256176855 0.53564453125 0.06436931079323797 0.13232421875
0 0.4083224967490247 0.5625 0.1176853055916775 0.1005859375
0 0.4811443433029909 0.52685546875 0.06892067620286085 0.05615234375
0 0.5448634590377113 0.5458984375 0.046163849154746424 0.0791015625
0 0.5812743823146944 0.5869140625 0.08322496749024708 0.1064453125
0 0.6508452535760728 0.6044921875 0.08322496749024708 0.10498046875
5 0.8680104031209362 0.35205078125 0.2574772431729519 0.08837890625