0 0.30429128738621586 0.5322265625 0.05266579973992198 0.12158203125
0 0.4174252275682705 0.55712890625 0.12743823146944083 0.10205078125
0 0.4889466840052016 0.5234375 0.07672301690507152 0.05615234375
0 0.58777633289987 0.58251953125 0.1033810143042913 0.12158203125
0 0.64629388816645 0.59814453125 0.08712613784135241 0.1142578125
0 0.5552665799739922 0.53662109375 0.054616384915474644 0.06982421875
0 0.38491547464239273 0.51123046875 0.09102730819245773 0.05322265625
2 0.20416124837451236 0.4658203125 0.13133940182054615 0.248046875
2 0.24187256176853056 0.40380859375 0.04031209362808843 0.04833984375
2 0.881664499349805 0.5205078125 0.21261378413524057 0.23583984375
2 0.8374512353706112 0.451171875 0.09492847854356307 0.12158203125
5 0.8667100130039012 0.35205078125 0.2308192457737321 0.0849609375