0 0.3850911458333333 0.709716796875 0.3483072916666667 0.185546875
0 0.09830729166666667 0.65966796875 0.19661458333333334 0.2138671875
0 0.2744140625 0.58349609375 0.228515625 0.158203125
0 0.43359375 0.58447265625 0.12825520833333334 0.10791015625
0 0.6139322916666666 0.651123046875 0.12434895833333333 0.1962890625
0 0.744140625 0.61669921875 0.15885416666666666 0.0966796875
0 0.708984375 0.735595703125 0.193359375 0.25
0 0.8577473958333334 0.752685546875 0.13020833333333334 0.24755859375
0 0.12955729166666666 0.558837890625 0.11979166666666667 0.0830078125
2 0.17578125 0.363525390625 0.043619791666666664 0.0537109375
2 0.6409505208333334 0.3955078125 0.045572916666666664 0.08642578125
0 0.041015625 0.45458984375 0.07942708333333333 0.05029296875
5 0.9375 0.3212890625 0.125 0.083984375
5 0.6708984375 0.330810546875 0.10807291666666667 0.05224609375
5 0.439453125 0.314208984375 0.220703125 0.07421875
5 0.14583333333333334 0.3251953125 0.2545572916666667 0.10595703125