0 0.544921875 0.72314453125 0.3834635416666667 0.2138671875
0 0.14420572916666666 0.744140625 0.2884114583333333 0.416015625
0 0.326171875 0.6201171875 0.12955729166666666 0.19287109375
0 0.830078125 0.7294921875 0.2688802083333333 0.22998046875
0 0.8196614583333334 0.62255859375 0.14388020833333334 0.087890625
0 0.6614583333333334 0.5791015625 0.20052083333333334 0.07861328125
0 0.6653645833333334 0.624267578125 0.21223958333333334 0.111328125
0 0.14322916666666666 0.54736328125 0.23763020833333334 0.1328125
0 0.08072916666666667 0.645751953125 0.16145833333333334 0.18701171875
0 0.9651692708333334 0.549072265625 0.068359375 0.04296875
2 0.830078125 0.42578125 0.037760416666666664 0.048828125
2 0.4524739583333333 0.37646484375 0.053385416666666664 0.06396484375
5 0.8792317708333334 0.400146484375 0.24153645833333334 0.13427734375
5 0.6214192708333334 0.33154296875 0.24283854166666666 0.10498046875
5 0.3854166666666667 0.298828125 0.13216145833333334 0.06982421875
5 0.12760416666666666 0.24267578125 0.138671875 0.09228515625