0 0.10246433203631647 0.27880859375 0.20492866407263294 0.2216796875
0 0.1245136186770428 0.169921875 0.06939040207522698 0.06982421875
0 0.2127107652399481 0.1474609375 0.06614785992217899 0.044921875
2 0.07003891050583658 0.09765625 0.0324254215304799 0.03759765625
2 0.6459143968871596 0.0546875 0.07782101167315175 0.1064453125
2 0.7386511024643321 0.02392578125 0.01297016861219196 0.0302734375
0 0.8787289234760052 0.33447265625 0.24254215304798962 0.23486328125
0 0.7509727626459144 0.42626953125 0.1251621271076524 0.22265625
0 0.6199740596627756 0.33154296875 0.188715953307393 0.2509765625
0 0.562905317769131 0.25048828125 0.17898832684824903 0.0869140625
0 0.433852140077821 0.2998046875 0.11867704280155641 0.1552734375
0 0.2146562905317769 0.32421875 0.2827496757457847 0.236328125
0 0.24708171206225682 0.2353515625 0.12321660181582361 0.0830078125