2 0.509765625 0.369873046875 0.09895833333333333 0.1767578125
2 0.9378255208333334 0.466064453125 0.12434895833333333 0.39111328125
2 0.054036458333333336 0.455810546875 0.10807291666666667 0.40673828125
0 0.17024739583333334 0.559326171875 0.126953125 0.2158203125
0 0.3499348958333333 0.579833984375 0.1875 0.158203125
0 0.5823567708333334 0.582763671875 0.2766927083333333 0.16015625
0 0.7288411458333334 0.624755859375 0.17578125 0.185546875
0 0.4518229166666667 0.511474609375 0.07747395833333333 0.09228515625
0 0.5696614583333334 0.509521484375 0.10481770833333333 0.0546875
0 0.028971354166666668 0.439697265625 0.051432291666666664 0.0615234375
5 0.9108072916666666 0.2353515625 0.12825520833333334 0.0859375
5 0.6412760416666666 0.25537109375 0.11002604166666667 0.0576171875
5 0.3880208333333333 0.25830078125 0.240234375 0.08349609375
5 0.12239583333333333 0.284912109375 0.24479166666666666 0.10693359375