2 0.27978515625 0.2801556420233463 0.126953125 0.4383916990920882
2 0.57275390625 0.1293774319066148 0.01904296875 0.06031128404669261
2 0.4638671875 0.12321660181582361 0.013671875 0.04669260700389105
2 0.476318359375 0.11802853437094682 0.02001953125 0.05252918287937743
2 0.523193359375 0.11738002594033722 0.017578125 0.03437094682230869
2 0.95703125 0.19747081712062256 0.0302734375 0.05901426718547341
0 0.817138671875 0.25778210116731515 0.0732421875 0.06355382619974059
0 0.549560546875 0.36251621271076523 0.1318359375 0.14137483787289234
0 0.482666015625 0.29993514915693903 0.1328125 0.04539559014267185
0 0.474609375 0.3553826199740597 0.0791015625 0.08625162127107652
0 0.539794921875 0.3012321660181582 0.12158203125 0.046044098573281456
5 0.701416015625 0.07944228274967574 0.22705078125 0.15888456549935148
5 0.473388671875 0.06420233463035019 0.14794921875 0.07133592736705577
5 0.246337890625 0.040207522697795074 0.08642578125 0.06679636835278858
5 0.02197265625 0.04085603112840467 0.0439453125 0.0609597924773022