2 0.3440337224383917 0.07763671875 0.0907911802853437 0.14892578125
2 0.9228274967574579 0.086181640625 0.04085603112840467 0.03857421875
0 0.793450064850843 0.1552734375 0.07911802853437094 0.09716796875
0 0.8835927367055771 0.1630859375 0.08171206225680934 0.0888671875
0 0.3103112840466926 0.43603515625 0.26459143968871596 0.25341796875
0 0.2911802853437095 0.34619140625 0.36251621271076523 0.18798828125
0 0.3219844357976654 0.257568359375 0.17963683527885863 0.06689453125
0 0.42996108949416345 0.263427734375 0.18093385214007782 0.09130859375
0 0.5496108949416343 0.2822265625 0.14915693904020752 0.17578125
0 0.7996108949416343 0.316650390625 0.3125810635538262 0.240234375
0 0.9422827496757458 0.30126953125 0.10635538261997406 0.19482421875