2 0.08561197916666667 0.347900390625 0.166015625 0.31982421875
2 0.9241536458333334 0.552001953125 0.15169270833333334 0.30126953125
0 0.7815755208333334 0.507080078125 0.18098958333333334 0.11474609375
0 0.3017578125 0.367431640625 0.059244791666666664 0.04443359375
0 0.5263671875 0.498779296875 0.10091145833333333 0.1259765625
0 0.5999348958333334 0.57958984375 0.162109375 0.18310546875
0 0.46875 0.650390625 0.20182291666666666 0.2783203125
0 0.3134765625 0.50244140625 0.22786458333333334 0.12353515625
0 0.13346354166666666 0.465087890625 0.15950520833333334 0.1240234375
0 0.24934895833333334 0.41845703125 0.16341145833333334 0.08935546875
0 0.3896484375 0.431396484375 0.08203125 0.048828125
0 0.3310546875 0.42529296875 0.0625 0.05517578125
2 0.4765625 0.326416015625 0.022135416666666668 0.03271484375