2 0.19876783398184175 0.102294921875 0.10181582360570687 0.12255859375
0 0.054798962386511024 0.4130859375 0.10959792477302205 0.2236328125
0 0.22989623865110245 0.4765625 0.251621271076524 0.26904296875
0 0.3239299610894942 0.3564453125 0.25810635538262 0.271484375
0 0.3446822308690013 0.27099609375 0.20233463035019456 0.1171875
0 0.5191309987029832 0.299560546875 0.17898832684824903 0.1787109375
0 0.7149805447470817 0.293212890625 0.3430609597924773 0.2919921875
0 0.7843709468223087 0.214599609375 0.26718547341115434 0.2744140625
0 0.6465629053177692 0.18896484375 0.2178988326848249 0.125
0 0.648508430609598 0.110107421875 0.07652399481193256 0.080078125
0 0.7376783398184177 0.11279296875 0.07782101167315175 0.0849609375
2 0.7616731517509727 0.03173828125 0.03955901426718547 0.0458984375