0 0.4075520833333333 0.586181640625 0.20052083333333334 0.21533203125
0 0.4951171875 0.5361328125 0.255859375 0.17041015625
0 0.7122395833333334 0.487060546875 0.21744791666666666 0.1572265625
0 0.8033854166666666 0.440673828125 0.11588541666666667 0.17724609375
0 0.7249348958333334 0.410400390625 0.06705729166666667 0.09619140625
0 0.6806640625 0.368896484375 0.046875 0.03955078125
0 0.541015625 0.4501953125 0.11653645833333333 0.068359375
0 0.4801432291666667 0.4716796875 0.13216145833333334 0.07568359375
2 0.56640625 0.326904296875 0.033854166666666664 0.033203125
2 0.8883463541666666 0.34765625 0.220703125 0.330078125
2 0.06705729166666667 0.5126953125 0.13411458333333334 0.3955078125
2 0.17903645833333334 0.363525390625 0.051432291666666664 0.07666015625