0 0.8486328125 0.677978515625 0.2643229166666667 0.2783203125
0 0.7757161458333334 0.591552734375 0.1953125 0.1123046875
0 0.435546875 0.6708984375 0.24348958333333334 0.1826171875
0 0.3642578125 0.541259765625 0.19205729166666666 0.1259765625
0 0.19173177083333334 0.538330078125 0.17903645833333334 0.068359375
0 0.1982421875 0.40771484375 0.109375 0.06103515625
0 0.08365885416666667 0.5380859375 0.10677083333333333 0.08349609375
0 0.19954427083333334 0.49462890625 0.14388020833333334 0.04052734375
0 0.16861979166666666 0.66943359375 0.333984375 0.19921875
2 0.3251953125 0.321533203125 0.022135416666666668 0.0341796875
2 0.0595703125 0.4228515625 0.119140625 0.384765625
2 0.5377604166666666 0.3369140625 0.024088541666666668 0.04541015625
5 0.7516276041666666 0.2939453125 0.11783854166666667 0.0537109375
5 0.5224609375 0.289306640625 0.21940104166666666 0.05126953125
5 0.23209635416666666 0.2861328125 0.2649739583333333 0.08544921875