0 0.6360677083333334 0.53173828125 0.2610677083333333 0.22119140625
0 0.890625 0.46142578125 0.158203125 0.125
0 0.5084635416666666 0.4794921875 0.07291666666666667 0.17578125
0 0.24609375 0.51611328125 0.3313802083333333 0.1845703125
0 0.13151041666666666 0.41357421875 0.22330729166666666 0.14990234375
0 0.035807291666666664 0.5048828125 0.07161458333333333 0.1748046875
2 0.9518229166666666 0.4443359375 0.09635416666666667 0.326171875
2 0.08138020833333333 0.17626953125 0.022786458333333332 0.037109375
2 0.3548177083333333 0.1962890625 0.026041666666666668 0.0546875
2 0.142578125 0.1767578125 0.024739583333333332 0.02587890625
5 0.8873697916666666 0.111328125 0.224609375 0.1474609375
5 0.5625 0.1533203125 0.11458333333333333 0.0537109375
5 0.294921875 0.146484375 0.2265625 0.04248046875
5 0.059895833333333336 0.1279296875 0.11979166666666667 0.08837890625