0 0.29442282749675747 0.30712890625 0.45071335927367057 0.20263671875
0 0.30674448767833984 0.408935546875 0.3229571984435798 0.2939453125
0 0.4996757457846952 0.24853515625 0.20038910505836577 0.0986328125
0 0.36738002594033725 0.23095703125 0.14980544747081712 0.07568359375
0 0.6099221789883269 0.29248046875 0.1582360570687419 0.173828125
0 0.8219844357976653 0.376220703125 0.3560311284046693 0.28662109375
0 0.9497405966277561 0.35693359375 0.10051880674448768 0.169921875
0 0.8281452658884566 0.28564453125 0.12127107652399481 0.08154296875
0 0.8712710765239948 0.210693359375 0.08754863813229571 0.0908203125
0 0.9571984435797666 0.229248046875 0.08560311284046693 0.08544921875
2 0.4675745784695201 0.07421875 0.10894941634241245 0.1484375