2 0.2620442708333333 0.3515625 0.027994791666666668 0.0390625
2 0.5738932291666666 0.37109375 0.040364583333333336 0.05712890625
0 0.9534505208333334 0.626220703125 0.08723958333333333 0.13037109375
0 0.9127604166666666 0.728271484375 0.16145833333333334 0.19140625
0 0.8056640625 0.8349609375 0.3717447916666667 0.330078125
0 0.6790364583333334 0.62548828125 0.19010416666666666 0.16357421875
0 0.4235026041666667 0.6904296875 0.3177083333333333 0.1552734375
0 0.3001302083333333 0.551513671875 0.22395833333333334 0.13427734375
0 0.11328125 0.63427734375 0.2265625 0.2392578125
0 0.047200520833333336 0.444091796875 0.08854166666666667 0.04736328125
0 0.17805989583333334 0.556640625 0.138671875 0.08544921875
0 0.3411458333333333 0.540771484375 0.109375 0.0751953125
5 0.69921875 0.322509765625 0.12044270833333333 0.0576171875
5 0.9521484375 0.310791015625 0.095703125 0.07958984375
5 0.455078125 0.302978515625 0.19466145833333334 0.07861328125
5 0.15201822916666666 0.31884765625 0.2923177083333333 0.1083984375