0 0.3893229166666667 0.7099609375 0.3444010416666667 0.15966796875
0 0.8391927083333334 0.8095703125 0.3216145833333333 0.37109375
0 0.6334635416666666 0.646484375 0.076171875 0.1845703125
0 0.109375 0.66796875 0.21484375 0.19873046875
0 0.15169270833333334 0.5654296875 0.12630208333333334 0.068359375
0 0.3190104166666667 0.5498046875 0.19140625 0.04736328125
0 0.3014322916666667 0.59326171875 0.19270833333333334 0.0810546875
0 0.8333333333333334 0.6064453125 0.212890625 0.099609375
0 0.8776041666666666 0.71484375 0.14127604166666666 0.16748046875
0 0.031901041666666664 0.46923828125 0.059895833333333336 0.03369140625
2 0.20052083333333334 0.3720703125 0.024739583333333332 0.0458984375
2 0.5833333333333334 0.3876953125 0.036458333333333336 0.0595703125
5 0.13606770833333334 0.33447265625 0.271484375 0.0908203125
5 0.4322916666666667 0.3154296875 0.22786458333333334 0.068359375
5 0.671875 0.3232421875 0.11979166666666667 0.05078125
5 0.9401041666666666 0.31201171875 0.11979166666666667 0.07373046875