0 0.8828125 0.719482421875 0.234375 0.31005859375
0 0.8857421875 0.4755859375 0.20572916666666666 0.150390625
0 0.5289713541666666 0.54296875 0.17447916666666666 0.19287109375
0 0.7122395833333334 0.597900390625 0.212890625 0.21533203125
0 0.2662760416666667 0.627197265625 0.3932291666666667 0.19384765625
0 0.1357421875 0.543212890625 0.21158854166666666 0.125
0 0.039713541666666664 0.486083984375 0.07942708333333333 0.05712890625
0 0.023763020833333332 0.539306640625 0.047526041666666664 0.08544921875
5 0.8001302083333334 0.140380859375 0.2578125 0.1650390625
5 0.4837239583333333 0.222412109375 0.12044270833333333 0.06689453125
5 0.23567708333333334 0.2421875 0.25 0.09521484375
5 0.027994791666666668 0.26904296875 0.055989583333333336 0.099609375