0 0.5852788586251622 0.53271484375 0.14461738002594035 0.142578125
0 0.48249027237354086 0.4677734375 0.08236057068741894 0.0751953125
0 0.5444228274967574 0.4833984375 0.07652399481193256 0.06787109375
0 0.2522697795071336 0.423583984375 0.06420233463035019 0.05810546875
0 0.20590142671854733 0.4228515625 0.046044098573281456 0.0546875
0 0.4789234760051881 0.546875 0.09987029831387809 0.14453125
0 0.38132295719844356 0.5205078125 0.1309987029831388 0.080078125
0 0.2733463035019455 0.527587890625 0.20103761348897536 0.14013671875
2 0.0930609597924773 0.3876953125 0.042801556420233464 0.0390625
2 0.5499351491569391 0.302001953125 0.05188067444876784 0.0615234375
2 0.6630998702983139 0.283447265625 0.023994811932555125 0.03173828125
2 0.7675097276264592 0.388671875 0.17380025940337224 0.3359375
2 0.38197146562905315 0.35888671875 0.16536964980544747 0.2626953125