2 0.246337890625 0.35732814526588846 0.20166015625 0.46238651102464334
2 0.503173828125 0.11673151750972763 0.029296875 0.06355382619974059
2 0.396240234375 0.14623865110246434 0.02197265625 0.04993514915693904
2 0.407470703125 0.13683527885862518 0.02880859375 0.057068741893644616
2 0.452880859375 0.12127107652399481 0.02294921875 0.03826199740596628
2 0.888427734375 0.05966277561608301 0.03955078125 0.06614785992217899
0 0.763671875 0.16309987029831388 0.08203125 0.08430609597924774
0 0.52294921875 0.35084306095979245 0.15234375 0.17833981841763943
0 0.44677734375 0.3116083009079118 0.13623046875 0.08625162127107652
0 0.448974609375 0.36770428015564205 0.091796875 0.10830090791180286
0 0.50244140625 0.29442282749675747 0.12548828125 0.08365758754863813
5 0.61865234375 0.07003891050583658 0.248046875 0.14007782101167315
5 0.394775390625 0.08560311284046693 0.1552734375 0.11608300907911803
5 0.170166015625 0.13521400778210116 0.09521484375 0.09208819714656291