2 0.32911802853437094 0.059814453125 0.07457846952010376 0.11328125
0 0.7655642023346303 0.138916015625 0.0609597924773022 0.06494140625
0 0.8453307392996109 0.16357421875 0.07263294422827497 0.0703125
0 0.08398184176394292 0.3369140625 0.16796368352788585 0.21484375
0 0.24221789883268482 0.42919921875 0.20103761348897536 0.23876953125
0 0.3670557717250324 0.33447265625 0.19779507133592736 0.2744140625
0 0.41374837872892345 0.249755859375 0.19974059662775617 0.10498046875
0 0.5833333333333334 0.312255859375 0.14007782101167315 0.1806640625
0 0.8518158236057068 0.2783203125 0.2509727626459144 0.240234375
0 0.7843709468223087 0.319580078125 0.2827496757457847 0.2490234375
0 0.7149805447470817 0.22509765625 0.20103761348897536 0.09912109375
2 0.8955901426718548 0.08837890625 0.035667963683527884 0.04248046875