0 0.2639973958333333 0.8544921875 0.423828125 0.291015625
0 0.6487630208333334 0.697509765625 0.34375 0.21240234375
0 0.357421875 0.6640625 0.17447916666666666 0.203125
0 0.12109375 0.671142578125 0.19921875 0.1396484375
0 0.16796875 0.74072265625 0.16796875 0.1533203125
0 0.66796875 0.536376953125 0.15690104166666666 0.0849609375
0 0.7405598958333334 0.550048828125 0.2740885416666667 0.18017578125
0 0.8977864583333334 0.628662109375 0.20442708333333334 0.22998046875
0 0.8427734375 0.54296875 0.16536458333333334 0.11572265625
0 0.9541015625 0.41259765625 0.06966145833333333 0.04833984375
2 0.7369791666666666 0.335693359375 0.036458333333333336 0.048828125
2 0.4013671875 0.39306640625 0.05078125 0.0625
5 0.8157552083333334 0.291259765625 0.2981770833333333 0.1259765625
5 0.5185546875 0.3095703125 0.2109375 0.0947265625
5 0.2838541666666667 0.35400390625 0.123046875 0.0576171875
5 0.042643229166666664 0.365478515625 0.08528645833333333 0.10107421875