0 0.5026041666666666 0.59228515625 0.1796875 0.23095703125
0 0.5084635416666666 0.51318359375 0.09375 0.076171875
0 0.8717447916666666 0.7177734375 0.2565104166666667 0.3046875
0 0.890625 0.51708984375 0.09765625 0.1025390625
0 0.18684895833333334 0.58740234375 0.2552083333333333 0.1484375
0 0.2981770833333333 0.41064453125 0.06510416666666667 0.03662109375
0 0.17578125 0.43212890625 0.06901041666666667 0.03662109375
0 0.18684895833333334 0.49560546875 0.08723958333333333 0.0810546875
0 0.06315104166666667 0.52783203125 0.12630208333333334 0.1025390625
2 0.9596354166666666 0.4794921875 0.08072916666666667 0.30322265625
2 0.025390625 0.35009765625 0.05078125 0.0595703125