0 0.704928664072633 0.43798828125 0.2730220492866407 0.26806640625
0 0.695201037613489 0.31201171875 0.35149156939040205 0.16259765625
0 0.6575875486381323 0.25732421875 0.17250324254215305 0.06591796875
0 0.5609597924773022 0.25390625 0.1867704280155642 0.08056640625
0 0.42412451361867703 0.29052734375 0.11543450064850844 0.17626953125
0 0.19066147859922178 0.326171875 0.31841763942931256 0.2470703125
0 0.048638132295719845 0.30224609375 0.09727626459143969 0.1748046875
0 0.1874189364461738 0.158203125 0.07133592736705577 0.0927734375
0 0.0966277561608301 0.17041015625 0.07911802853437094 0.078125
2 0.6381322957198443 0.07861328125 0.0907911802853437 0.15673828125
2 0.07003891050583658 0.09765625 0.04539559014267185 0.0498046875