2 0.77734375 0.402099609375 0.03125 0.03662109375
2 0.490234375 0.360107421875 0.045572916666666664 0.05810546875
0 0.2718098958333333 0.598388671875 0.216796875 0.21142578125
0 0.058268229166666664 0.61962890625 0.11653645833333333 0.1474609375
0 0.12434895833333333 0.761962890625 0.24869791666666666 0.38037109375
0 0.509765625 0.70263671875 0.3821614583333333 0.203125
0 0.6604817708333334 0.6064453125 0.21223958333333334 0.14111328125
0 0.7962239583333334 0.60791015625 0.134765625 0.08544921875
0 0.830078125 0.704345703125 0.287109375 0.25
0 0.6826171875 0.562255859375 0.111328125 0.06298828125
5 0.8675130208333334 0.384521484375 0.2649739583333333 0.14892578125
5 0.5992838541666666 0.316162109375 0.24934895833333334 0.111328125
5 0.3623046875 0.289794921875 0.12630208333333334 0.06640625
5 0.11783854166666667 0.23046875 0.11328125 0.08984375