0 0.3049414824447334 0.53466796875 0.055266579973992196 0.1220703125
0 0.4187256176853056 0.55810546875 0.13003901170351106 0.103515625
0 0.4895968790637191 0.523681640625 0.07802340702210664 0.05712890625
0 0.5897269180754227 0.581298828125 0.10598179453836151 0.123046875
0 0.6485695708712613 0.59619140625 0.08972691807542263 0.115234375
0 0.5562418725617685 0.535888671875 0.055916775032509754 0.0703125
0 0.3852405721716515 0.5126953125 0.09232769830949285 0.05419921875
2 0.2035110533159948 0.4697265625 0.13719115734720416 0.24951171875
2 0.23959687906371913 0.4072265625 0.04161248374512354 0.048828125
2 0.8819895968790638 0.515380859375 0.217815344603381 0.23876953125
2 0.8361508452535761 0.44677734375 0.09752925877763328 0.123046875
5 0.8631339401820546 0.34716796875 0.23276983094928477 0.087890625