0 0.5791015625 0.33447265625 0.20703125 0.1845703125
0 0.5638020833333334 0.259521484375 0.18684895833333334 0.09423828125
0 0.6767578125 0.250244140625 0.18815104166666666 0.224609375
0 0.3499348958333333 0.360107421875 0.10546875 0.08349609375
0 0.3330078125 0.405029296875 0.1640625 0.138671875
0 0.2574869791666667 0.51904296875 0.17838541666666666 0.1630859375
0 0.13932291666666666 0.459228515625 0.13020833333333334 0.09423828125
2 0.0634765625 0.501953125 0.126953125 0.2529296875
2 0.8245442708333334 0.138916015625 0.259765625 0.27783203125
2 0.4231770833333333 0.0576171875 0.10807291666666667 0.115234375
0 0.7623697916666666 0.02880859375 0.045572916666666664 0.05712890625