2 0.9186197916666666 0.44384765625 0.16276041666666666 0.40625
2 0.8359375 0.33349609375 0.046875 0.07080078125
2 0.205078125 0.422607421875 0.0703125 0.1162109375
0 0.8180338541666666 0.551025390625 0.11848958333333333 0.22705078125
0 0.6891276041666666 0.5224609375 0.14322916666666666 0.13525390625
0 0.6285807291666666 0.605712890625 0.18424479166666666 0.19384765625
0 0.5152994791666666 0.56298828125 0.11197916666666667 0.10205078125
0 0.3948567708333333 0.665283203125 0.189453125 0.19384765625
0 0.2809244791666667 0.692626953125 0.150390625 0.1845703125
0 0.4241536458333333 0.56201171875 0.09309895833333333 0.0478515625
0 0.3606770833333333 0.580810546875 0.08333333333333333 0.06201171875
5 0.049153645833333336 0.33935546875 0.09830729166666667 0.0908203125
5 0.3072916666666667 0.3349609375 0.10286458333333333 0.0556640625
5 0.5260416666666666 0.302001953125 0.23697916666666666 0.080078125
5 0.80859375 0.287109375 0.2265625 0.0986328125