0 0.3743489583333333 0.550537109375 0.3125 0.25439453125
0 0.10677083333333333 0.51806640625 0.18684895833333334 0.1455078125
0 0.486328125 0.481201171875 0.11653645833333333 0.18310546875
0 0.7532552083333334 0.4794921875 0.3723958333333333 0.228515625
0 0.83984375 0.362548828125 0.2571614583333333 0.17919921875
0 0.9498697916666666 0.4384765625 0.10026041666666667 0.181640625
2 0.0654296875 0.509765625 0.130859375 0.333984375
2 0.8284505208333334 0.122314453125 0.031901041666666664 0.03955078125
2 0.5651041666666666 0.18115234375 0.039713541666666664 0.0576171875
2 0.7685546875 0.131591796875 0.030598958333333332 0.02880859375
5 0.07486979166666667 0.173828125 0.14973958333333334 0.1767578125
5 0.3505859375 0.168701171875 0.12630208333333334 0.0693359375
5 0.611328125 0.12353515625 0.23307291666666666 0.07421875
5 0.8372395833333334 0.07177734375 0.13997395833333334 0.10400390625