0 0.7194010416666666 0.66259765625 0.125 0.17236328125
0 0.607421875 0.61865234375 0.234375 0.14990234375
0 0.4524739583333333 0.5556640625 0.07486979166666667 0.1259765625
0 0.5572916666666666 0.54541015625 0.111328125 0.0458984375
0 0.3307291666666667 0.60205078125 0.16471354166666666 0.20361328125
0 0.15494791666666666 0.5751953125 0.169921875 0.20703125
2 0.4518229166666667 0.37890625 0.08333333333333333 0.14208984375
2 0.9466145833333334 0.52294921875 0.10286458333333333 0.3935546875
2 0.037760416666666664 0.46240234375 0.07486979166666667 0.41455078125
5 0.1484375 0.291015625 0.24609375 0.07470703125
5 0.4244791666666667 0.28857421875 0.21158854166666666 0.06982421875
5 0.6647135416666666 0.3056640625 0.11328125 0.0537109375
5 0.9407552083333334 0.2919921875 0.11783854166666667 0.0908203125