2 0.9776264591439688 0.119384765625 0.03437094682230869 0.03955078125
2 0.41309987029831385 0.05517578125 0.0933852140077821 0.1103515625
2 0.32587548638132297 0.01611328125 0.03437094682230869 0.0322265625
0 0.8343060959792478 0.17529296875 0.08495460440985733 0.07373046875
0 0.9186121919584954 0.201171875 0.07328145265888457 0.0673828125
0 0.16245136186770429 0.292236328125 0.29896238651102464 0.2353515625
0 0.2694552529182879 0.4091796875 0.19779507133592736 0.24658203125
0 0.40012970168612194 0.32763671875 0.23800259403372243 0.2607421875
0 0.46108949416342415 0.2470703125 0.21011673151750973 0.1220703125
0 0.5885214007782101 0.2900390625 0.14980544747081712 0.1826171875
0 0.8116083009079118 0.350830078125 0.31971465629053175 0.26123046875
0 0.9011024643320363 0.322998046875 0.19779507133592736 0.25146484375
0 0.793450064850843 0.27587890625 0.10505836575875487 0.06591796875