0 0.6178385416666666 0.700927734375 0.3430989583333333 0.18896484375
0 0.3147786458333333 0.644775390625 0.20182291666666666 0.19189453125
0 0.21061197916666666 0.83642578125 0.3704427083333333 0.3271484375
0 0.10514322916666667 0.7412109375 0.17057291666666666 0.1904296875
0 0.054036458333333336 0.649169921875 0.087890625 0.1259765625
0 0.6975911458333334 0.5458984375 0.21484375 0.181640625
0 0.6653645833333334 0.525634765625 0.103515625 0.07421875
0 0.8180338541666666 0.550537109375 0.15950520833333334 0.123046875
0 0.8896484375 0.608642578125 0.220703125 0.26318359375
0 0.9453125 0.426513671875 0.09244791666666667 0.05224609375
2 0.7317708333333334 0.34228515625 0.036458333333333336 0.03955078125
2 0.4163411458333333 0.37890625 0.033203125 0.0556640625
5 0.8304036458333334 0.297119140625 0.298828125 0.12060546875
5 0.5276692708333334 0.304443359375 0.244140625 0.08544921875
5 0.2916666666666667 0.329833984375 0.1328125 0.060546875
5 0.046223958333333336 0.33544921875 0.09244791666666667 0.0830078125