0 0.061284046692607 0.39013671875 0.122568093385214 0.2109375
0 0.2243839169909209 0.461669921875 0.19909208819714655 0.25341796875
0 0.3346303501945525 0.34521484375 0.24773022049286642 0.2685546875
0 0.3631647211413748 0.269775390625 0.20233463035019456 0.1162109375
0 0.5366407263294423 0.30615234375 0.16666666666666666 0.169921875
0 0.7292477302204928 0.29541015625 0.30804150453955903 0.2783203125
0 0.8083657587548638 0.239013671875 0.2814526588845655 0.27734375
0 0.6747730220492867 0.201904296875 0.22632944228274968 0.1220703125
0 0.6760700389105059 0.114990234375 0.08041504539559015 0.0634765625
0 0.77431906614786 0.119140625 0.07133592736705577 0.0703125
2 0.23476005188067445 0.083740234375 0.10116731517509728 0.115234375
2 0.7999351491569391 0.05029296875 0.03631647211413749 0.046875