0 0.3873697916666667 0.345703125 0.17447916666666666 0.166015625
0 0.38671875 0.27001953125 0.17317708333333334 0.07470703125
0 0.2734375 0.27392578125 0.146484375 0.2099609375
0 0.619140625 0.34423828125 0.09114583333333333 0.07373046875
0 0.6451822916666666 0.38671875 0.13997395833333334 0.12353515625
0 0.7434895833333334 0.490234375 0.14973958333333334 0.1474609375
0 0.84765625 0.41748046875 0.11458333333333333 0.08203125
2 0.9453125 0.44921875 0.10611979166666667 0.24365234375
2 0.09895833333333333 0.15625 0.19791666666666666 0.3095703125
2 0.4830729166666667 0.0537109375 0.08658854166666667 0.107421875
0 0.142578125 0.0654296875 0.034505208333333336 0.0537109375