2 0.07975260416666667 0.479248046875 0.15950520833333334 0.45458984375
2 0.3125 0.321044921875 0.027994791666666668 0.02978515625
2 0.5309244791666666 0.327392578125 0.046875 0.0498046875
2 0.3629557291666667 0.3212890625 0.021484375 0.02685546875
0 0.19954427083333334 0.411865234375 0.111328125 0.06396484375
0 0.8642578125 0.65283203125 0.271484375 0.2841796875
0 0.7890625 0.6015625 0.21158854166666666 0.1669921875
0 0.4521484375 0.67138671875 0.24934895833333334 0.17919921875
0 0.3932291666666667 0.532470703125 0.166015625 0.15283203125
0 0.2255859375 0.500244140625 0.12760416666666666 0.05029296875
0 0.23763020833333334 0.638671875 0.267578125 0.1904296875
0 0.21321614583333334 0.533935546875 0.19791666666666666 0.06201171875
5 0.748046875 0.2724609375 0.13802083333333334 0.05908203125
5 0.4970703125 0.278076171875 0.23177083333333334 0.05419921875
5 0.22623697916666666 0.287109375 0.23111979166666666 0.0888671875