2 0.07389322916666667 0.433349609375 0.14778645833333334 0.32470703125
2 0.91796875 0.467041015625 0.1640625 0.30615234375
0 0.7744140625 0.452392578125 0.19075520833333334 0.12451171875
0 0.2626953125 0.410400390625 0.06315104166666667 0.04736328125
0 0.5250651041666666 0.49365234375 0.11393229166666667 0.13037109375
0 0.6240234375 0.557373046875 0.18098958333333334 0.1904296875
0 0.5218098958333334 0.6513671875 0.23046875 0.2861328125
0 0.3206380208333333 0.53857421875 0.23828125 0.13623046875
0 0.13411458333333334 0.53759765625 0.17057291666666666 0.13232421875
0 0.22981770833333334 0.4697265625 0.17122395833333334 0.0986328125
0 0.3697916666666667 0.455322265625 0.08658854166666667 0.05322265625
0 0.3108723958333333 0.46044921875 0.06770833333333333 0.05810546875
2 0.4173177083333333 0.3369140625 0.025390625 0.03369140625