0 0.6990920881971465 0.1142578125 0.07133592736705577 0.0732421875
0 0.7879377431906615 0.133056640625 0.07587548638132295 0.07275390625
0 0.7334630350194552 0.299560546875 0.2911802853437095 0.26806640625
0 0.8206874189364461 0.24267578125 0.26653696498054474 0.26416015625
0 0.6695849546044098 0.207763671875 0.191958495460441 0.12158203125
0 0.541828793774319 0.302734375 0.125810635538262 0.15869140625
0 0.374189364461738 0.266845703125 0.20752269779507135 0.10693359375
0 0.3352788586251621 0.341064453125 0.2594033722438392 0.26416015625
0 0.23962386511024644 0.450927734375 0.2198443579766537 0.27001953125
0 0.07198443579766536 0.380859375 0.14396887159533073 0.2275390625
2 0.26523994811932555 0.08056640625 0.10376134889753567 0.1220703125