0 0.8949416342412452 0.326171875 0.21011673151750973 0.22509765625
0 0.7470817120622568 0.42822265625 0.10376134889753567 0.22900390625
0 0.6219195849546044 0.32861328125 0.188715953307393 0.23974609375
0 0.5609597924773022 0.25244140625 0.1835278858625162 0.09521484375
0 0.42023346303501946 0.30712890625 0.1264591439688716 0.1796875
0 0.23670557717250323 0.32861328125 0.2782101167315175 0.25
0 0.11738002594033722 0.27734375 0.23411154345006485 0.2265625
0 0.12775616083009078 0.17041015625 0.06614785992217899 0.06103515625
0 0.2140077821011673 0.14404296875 0.05642023346303502 0.04248046875
2 0.07652399481193256 0.09814453125 0.029182879377431907 0.04150390625
2 0.6472114137483788 0.05615234375 0.07263294422827497 0.1123046875
2 0.7373540856031129 0.02685546875 0.009727626459143969 0.02685546875