0 0.58203125 0.597900390625 0.22005208333333334 0.18359375
0 0.6627604166666666 0.503173828125 0.111328125 0.068359375
0 0.486328125 0.55517578125 0.19791666666666666 0.1611328125
0 0.5325520833333334 0.470458984375 0.13216145833333334 0.07666015625
0 0.4671223958333333 0.4501953125 0.1015625 0.0751953125
0 0.18196614583333334 0.434814453125 0.15885416666666666 0.14306640625
0 0.3024088541666667 0.48876953125 0.2604166666666667 0.171875
0 0.3014322916666667 0.400390625 0.138671875 0.10302734375
0 0.3515625 0.363037109375 0.08854166666666667 0.0556640625
2 0.13899739583333334 0.322265625 0.22526041666666666 0.31005859375
2 0.9036458333333334 0.541748046875 0.19270833333333334 0.42333984375
2 0.8050130208333334 0.388427734375 0.0546875 0.068359375
2 0.4739583333333333 0.32666015625 0.037109375 0.03759765625