2 0.06640625 0.47802734375 0.12630208333333334 0.3984375
2 0.142578125 0.36083984375 0.037760416666666664 0.068359375
2 0.7825520833333334 0.39990234375 0.0546875 0.1123046875
0 0.19075520833333334 0.57568359375 0.087890625 0.22119140625
0 0.3151041666666667 0.537109375 0.12630208333333334 0.1259765625
0 0.38671875 0.615234375 0.15950520833333334 0.18212890625
0 0.4934895833333333 0.56396484375 0.099609375 0.0947265625
0 0.6276041666666666 0.65625 0.16471354166666666 0.18212890625
0 0.7447916666666666 0.67431640625 0.12630208333333334 0.17578125
0 0.583984375 0.5556640625 0.087890625 0.041015625
0 0.6497395833333334 0.5693359375 0.076171875 0.05615234375
5 0.9407552083333334 0.3037109375 0.11783854166666667 0.08203125
5 0.6686197916666666 0.32080078125 0.09635416666666667 0.04833984375
5 0.4466145833333333 0.30517578125 0.22981770833333334 0.0625
5 0.16341145833333334 0.3125 0.21614583333333334 0.08203125