0 0.769455252918288 0.47705078125 0.18093385214007782 0.24755859375
0 0.9121271076523995 0.4013671875 0.17574578469520102 0.2412109375
0 0.6715304798962386 0.35302734375 0.23476005188067445 0.2666015625
0 0.64526588845655 0.271484375 0.2133592736705577 0.12109375
0 0.48508430609597925 0.29833984375 0.1861219195849546 0.19189453125
0 0.2840466926070039 0.283935546875 0.32944228274967574 0.29833984375
0 0.20784695201037615 0.205078125 0.27367055771725035 0.236328125
0 0.2480544747081712 0.114013671875 0.07782101167315175 0.06591796875
0 0.33787289234760054 0.105224609375 0.09533073929961089 0.06982421875
2 0.8813229571984436 0.0810546875 0.027885862516212712 0.03076171875
2 0.7837224383916991 0.097412109375 0.10311284046692606 0.12353515625
2 0.2188715953307393 0.030517578125 0.04669260700389105 0.0419921875