2 0.08235677083333333 0.4267578125 0.16471354166666666 0.32421875
2 0.9182942708333334 0.457275390625 0.16341145833333334 0.36279296875
2 0.4192708333333333 0.340087890625 0.028645833333333332 0.04150390625
2 0.6689453125 0.321533203125 0.037109375 0.06005859375
0 0.2633463541666667 0.40478515625 0.07747395833333333 0.05029296875
0 0.6754557291666666 0.462158203125 0.16666666666666666 0.0947265625
0 0.6158854166666666 0.578857421875 0.17578125 0.17041015625
0 0.5009765625 0.57861328125 0.142578125 0.2119140625
0 0.3167317708333333 0.54638671875 0.2623697916666667 0.13916015625
0 0.13997395833333334 0.52783203125 0.14713541666666666 0.1328125
0 0.2626953125 0.47314453125 0.12369791666666667 0.06494140625
0 0.3977864583333333 0.457275390625 0.06575520833333333 0.05224609375
0 0.3336588541666667 0.461669921875 0.08528645833333333 0.06005859375
0 0.513671875 0.46826171875 0.11979166666666667 0.0751953125