2 0.4672503242542153 0.050048828125 0.09792477302204929 0.10009765625
2 0.3868352788586252 0.006591796875 0.023994811932555125 0.01318359375
0 0.14202334630350194 0.27392578125 0.23865110246433205 0.25439453125
0 0.27594033722438394 0.384765625 0.17120622568093385 0.27294921875
0 0.4286640726329442 0.31298828125 0.248378728923476 0.2666015625
0 0.49513618677042803 0.2470703125 0.20622568093385213 0.11572265625
0 0.62905317769131 0.324951171875 0.17704280155642024 0.193359375
0 0.8180933852140078 0.373046875 0.3158236057068742 0.29638671875
0 0.8900778210116731 0.331298828125 0.2198443579766537 0.26611328125
0 0.8829442282749675 0.193359375 0.07652399481193256 0.05810546875
0 0.9471465629053177 0.224609375 0.07133592736705577 0.0703125