0 0.9092088197146563 0.330078125 0.18093385214007782 0.22412109375
0 0.7438391699092088 0.42333984375 0.1264591439688716 0.24609375
0 0.6219195849546044 0.326171875 0.191958495460441 0.25
0 0.5726329442282749 0.251953125 0.19844357976653695 0.10888671875
0 0.4079118028534371 0.3095703125 0.1251621271076524 0.16748046875
0 0.21076523994811933 0.3310546875 0.27496757457846954 0.2548828125
0 0.1297016861219196 0.2880859375 0.22568093385214008 0.25244140625
0 0.2172503242542153 0.14404296875 0.05966277561608301 0.0546875
0 0.13359273670557717 0.17041015625 0.058365758754863814 0.068359375
0 0.2775616083009079 0.2333984375 0.17380025940337224 0.08447265625
2 0.6543450064850843 0.05810546875 0.05188067444876784 0.11376953125
2 0.08300907911802853 0.0986328125 0.035667963683527884 0.0400390625