0 0.7059014267185474 0.433349609375 0.2808041504539559 0.2607421875
0 0.7052529182879378 0.312744140625 0.3942931258106355 0.17724609375
0 0.6958495460440985 0.249267578125 0.12775616083009078 0.06640625
0 0.5570687418936446 0.252197265625 0.1874189364461738 0.07470703125
0 0.4568741893644617 0.291015625 0.16472114137483787 0.166015625
0 0.20752269779507135 0.33544921875 0.33787289234760054 0.2626953125
0 0.2230869001297017 0.256103515625 0.09727626459143969 0.06494140625
0 0.051232166018158234 0.320068359375 0.10246433203631647 0.18603515625
0 0.09500648508430609 0.17919921875 0.07652399481193256 0.0791015625
0 0.1815823605706874 0.162353515625 0.06809338521400778 0.0888671875
2 0.6245136186770428 0.073486328125 0.08625162127107652 0.146484375
2 0.05415045395590143 0.10205078125 0.033073929961089495 0.03076171875