0 0.6986345903771132 0.519287109375 0.06631989596879063 0.12451171875
0 0.5887516254876463 0.551513671875 0.13849154746423928 0.10986328125
0 0.5136540962288687 0.522705078125 0.08322496749024708 0.06103515625
0 0.42197659297789336 0.587890625 0.11703511053315994 0.1279296875
0 0.3657347204161248 0.607421875 0.10013003901170352 0.11962890625
0 0.44928478543563066 0.5400390625 0.06241872561768531 0.0732421875
0 0.6160598179453837 0.503662109375 0.09687906371911574 0.05908203125
2 0.7906371911573472 0.446533203125 0.1599479843953186 0.255859375
2 0.7460988296488946 0.38720703125 0.045513654096228866 0.05078125
2 0.1222366710013004 0.54541015625 0.23927178153446033 0.2490234375
2 0.1583224967490247 0.473388671875 0.10858257477243173 0.12744140625
5 0.11866059817945383 0.37646484375 0.23732119635890767 0.099609375