2 0.6374837872892347 0.0771484375 0.08625162127107652 0.15185546875
0 0.1926070038910506 0.16357421875 0.07263294422827497 0.08447265625
0 0.10505836575875487 0.177734375 0.07263294422827497 0.07080078125
0 0.7217898832684825 0.32421875 0.3754863813229572 0.16015625
0 0.6926070038910506 0.4404296875 0.27496757457846954 0.23876953125
0 0.5590142671854734 0.2578125 0.1867704280155642 0.0673828125
0 0.7062256809338522 0.24853515625 0.0907911802853437 0.05615234375
0 0.4267185473411154 0.2998046875 0.11024643320363164 0.17236328125
0 0.20363164721141375 0.33447265625 0.3086900129701686 0.2373046875
0 0.06744487678339818 0.2880859375 0.13164721141374838 0.1220703125
0 0.23086900129701687 0.2578125 0.08754863813229571 0.05712890625
2 0.0609597924773022 0.0966796875 0.0304798962386511 0.0390625