2 0.9124513618677043 0.07861328125 0.029831387808041506 0.0380859375
2 0.3407911802853437 0.060546875 0.08041504539559015 0.1181640625
2 0.248378728923476 0.031982421875 0.029831387808041506 0.0380859375
0 0.7791828793774319 0.147216796875 0.07717250324254216 0.0693359375
0 0.8670557717250325 0.1650390625 0.06614785992217899 0.0634765625
0 0.13456549935149156 0.32470703125 0.2691309987029831 0.21875
0 0.25648508430609596 0.430908203125 0.17120622568093385 0.23681640625
0 0.3728923476005188 0.338134765625 0.21076523994811933 0.24853515625
0 0.42023346303501946 0.25244140625 0.19909208819714655 0.10986328125
0 0.5541504539559015 0.283447265625 0.1303501945525292 0.17529296875
0 0.7853437094682231 0.323486328125 0.29377431906614787 0.24365234375
0 0.8907263294422828 0.285888671875 0.2133592736705577 0.2392578125
0 0.754863813229572 0.25048828125 0.09857328145265888 0.06005859375