2 0.498046875 0.0419921875 0.056640625 0.08349609375
2 0.12174479166666667 0.11181640625 0.13997395833333334 0.22119140625
2 0.919921875 0.43359375 0.15950520833333334 0.2373046875
0 0.7291666666666666 0.48583984375 0.15104166666666666 0.15625
0 0.8391927083333334 0.43701171875 0.15104166666666666 0.15869140625
0 0.6380208333333334 0.41748046875 0.20963541666666666 0.1298828125
0 0.6438802083333334 0.33447265625 0.11783854166666667 0.0634765625
0 0.5436197916666666 0.3037109375 0.08333333333333333 0.10986328125
0 0.5032552083333334 0.341796875 0.11328125 0.11328125
0 0.314453125 0.24267578125 0.271484375 0.12744140625
0 0.4127604166666667 0.32763671875 0.23111979166666666 0.134765625