0 0.2230869001297017 0.142578125 0.058365758754863814 0.0673828125
0 0.13942931258106356 0.17138671875 0.062905317769131 0.06591796875
0 0.22762645914396887 0.32958984375 0.2438391699092088 0.2421875
0 0.1297016861219196 0.28369140625 0.2191958495460441 0.2412109375
0 0.2717250324254215 0.2314453125 0.17250324254215305 0.1025390625
0 0.4176394293125811 0.31005859375 0.0959792477302205 0.1494140625
0 0.5758754863813229 0.2548828125 0.191958495460441 0.08544921875
0 0.6297016861219196 0.32373046875 0.21141374837872892 0.2421875
0 0.7470817120622568 0.4208984375 0.16926070038910507 0.25341796875
0 0.9234760051880675 0.3291015625 0.15304798962386512 0.2119140625
2 0.6446173800259404 0.05810546875 0.08106355382619974 0.11376953125