2 0.2591145833333333 0.35791015625 0.021484375 0.03369140625
2 0.5514322916666666 0.365234375 0.029947916666666668 0.0546875
0 0.6927083333333334 0.63427734375 0.16471354166666666 0.1884765625
0 0.92578125 0.69677734375 0.14778645833333334 0.1259765625
0 0.8541666666666666 0.830078125 0.2916666666666667 0.33984375
0 0.4296875 0.69580078125 0.3463541666666667 0.1484375
0 0.3118489583333333 0.57666015625 0.18294270833333334 0.11328125
0 0.17903645833333334 0.55517578125 0.11783854166666667 0.0673828125
0 0.1171875 0.6435546875 0.22786458333333334 0.21728515625
0 0.3033854166666667 0.52978515625 0.099609375 0.04736328125
5 0.14908854166666666 0.32080078125 0.2981770833333333 0.10107421875
5 0.4583333333333333 0.30419921875 0.23307291666666666 0.07373046875
5 0.697265625 0.318359375 0.11458333333333333 0.04833984375
5 0.953125 0.3017578125 0.09309895833333333 0.076171875