0 0.8502604166666666 0.6513671875 0.2630208333333333 0.26953125
0 0.77734375 0.59765625 0.201171875 0.15966796875
0 0.4440104166666667 0.6318359375 0.2513020833333333 0.13623046875
0 0.3984375 0.50634765625 0.16666666666666666 0.14990234375
0 0.23111979166666666 0.57373046875 0.234375 0.20458984375
0 0.2552083333333333 0.4873046875 0.08984375 0.03955078125
0 0.22330729166666666 0.45703125 0.11328125 0.041015625
0 0.19856770833333334 0.37109375 0.11328125 0.04736328125
2 0.3326822916666667 0.2919921875 0.024739583333333332 0.03369140625
2 0.556640625 0.3095703125 0.036458333333333336 0.05078125
2 0.0859375 0.451171875 0.17122395833333334 0.38232421875
5 0.7727864583333334 0.2685546875 0.10807291666666667 0.05224609375
5 0.5234375 0.2568359375 0.21614583333333334 0.04345703125
5 0.2688802083333333 0.248046875 0.20442708333333334 0.07373046875