0 0.533203125 0.66259765625 0.2649739583333333 0.33544921875
0 0.5319010416666666 0.49072265625 0.08333333333333333 0.10546875
0 0.6302083333333334 0.58203125 0.06705729166666667 0.162109375
0 0.8548177083333334 0.5 0.140625 0.09326171875
0 0.3072916666666667 0.52099609375 0.20572916666666666 0.10107421875
0 0.154296875 0.47265625 0.11197916666666667 0.15771484375
0 0.2747395833333333 0.43505859375 0.08333333333333333 0.08837890625
0 0.3372395833333333 0.44189453125 0.08984375 0.078125
0 0.28515625 0.3828125 0.0546875 0.0302734375
0 0.21940104166666666 0.39990234375 0.0546875 0.0458984375
2 0.0625 0.38916015625 0.12434895833333333 0.3212890625
2 0.9524739583333334 0.48486328125 0.09505208333333333 0.38134765625