2 0.150390625 0.219970703125 0.035807291666666664 0.04052734375
2 0.4108072916666667 0.22314453125 0.038411458333333336 0.0478515625
2 0.20052083333333334 0.21337890625 0.022786458333333332 0.0283203125
0 0.943359375 0.459228515625 0.11328125 0.13134765625
0 0.7177734375 0.53955078125 0.2838541666666667 0.2509765625
0 0.3167317708333333 0.54736328125 0.2845052083333333 0.18115234375
0 0.0869140625 0.537109375 0.173828125 0.1845703125
0 0.22298177083333334 0.432861328125 0.21614583333333334 0.16015625
0 0.034830729166666664 0.419189453125 0.06966145833333333 0.08447265625
0 0.07096354166666667 0.402099609375 0.080078125 0.05322265625
0 0.10546875 0.427978515625 0.11653645833333333 0.07177734375
0 0.6041666666666666 0.474609375 0.150390625 0.16552734375
0 0.0234375 0.31494140625 0.046875 0.0517578125
5 0.09212239583333333 0.173583984375 0.18424479166666666 0.10986328125
5 0.3125 0.170166015625 0.14778645833333334 0.05517578125
5 0.6077473958333334 0.162109375 0.10611979166666667 0.06494140625
5 0.8935546875 0.137451171875 0.140625 0.091796875