0 0.2837224383916991 0.45556640625 0.314526588845655 0.28076171875
0 0.2623216601815824 0.3359375 0.4156939040207523 0.20703125
0 0.259727626459144 0.272216796875 0.13618677042801555 0.076171875
0 0.3975356679636835 0.260498046875 0.19584954604409857 0.0888671875
0 0.5042153047989624 0.28857421875 0.1861219195849546 0.177734375
0 0.7590791180285343 0.306396484375 0.3715953307392996 0.28662109375
0 0.728923476005188 0.2294921875 0.10570687418936446 0.07177734375
0 0.9134241245136187 0.27490234375 0.13164721141374838 0.1923828125
0 0.8417639429312581 0.139892578125 0.08690012970168612 0.08447265625
0 0.7529182879377432 0.13232421875 0.07976653696498054 0.09326171875
2 0.29798962386511024 0.090576171875 0.10570687418936446 0.15185546875
2 0.867704280155642 0.05908203125 0.03696498054474708 0.033203125