0 0.5817120622568094 0.53564453125 0.13164721141374838 0.13720703125
0 0.4792477302204929 0.55029296875 0.07911802853437094 0.134765625
0 0.5389105058365758 0.48291015625 0.09727626459143969 0.0634765625
0 0.48573281452658884 0.46923828125 0.0927367055771725 0.08056640625
0 0.38197146562905315 0.51416015625 0.12840466926070038 0.08447265625
0 0.27496757457846954 0.51025390625 0.185473411154345 0.13818359375
0 0.21141374837872892 0.40185546875 0.038910505836575876 0.05615234375
0 0.2619974059662776 0.40576171875 0.058365758754863814 0.05859375
2 0.7762645914396887 0.41064453125 0.13618677042801555 0.34033203125
2 0.38910505836575876 0.33984375 0.12321660181582361 0.25830078125
2 0.5745784695201037 0.310546875 0.038910505836575876 0.0673828125
2 0.685473411154345 0.2998046875 0.022697795071335927 0.03759765625
2 0.10570687418936446 0.357421875 0.0324254215304799 0.0400390625