2 0.8899739583333334 0.313720703125 0.21158854166666666 0.32421875
2 0.08072916666666667 0.57275390625 0.16145833333333334 0.34765625
0 0.17903645833333334 0.543701171875 0.19401041666666666 0.1455078125
0 0.6806640625 0.352783203125 0.06770833333333333 0.04736328125
0 0.474609375 0.499267578125 0.11263020833333333 0.13916015625
0 0.404296875 0.593505859375 0.1953125 0.208984375
0 0.5524088541666666 0.640625 0.22526041666666666 0.259765625
0 0.7014973958333334 0.489501953125 0.228515625 0.1328125
0 0.6123046875 0.42138671875 0.0625 0.0625
0 0.8720703125 0.431396484375 0.21614583333333334 0.15869140625
0 0.7203776041666666 0.395263671875 0.17838541666666666 0.109375