0 0.8680285343709468 0.28564453125 0.22632944228274968 0.2470703125
0 0.7412451361867705 0.39453125 0.17639429312581065 0.25244140625
0 0.5800907911802854 0.313232421875 0.24189364461738003 0.2646484375
0 0.5113488975356679 0.252685546875 0.19909208819714655 0.12109375
0 0.3751621271076524 0.32177734375 0.16472114137483787 0.1748046875
0 0.1828793774319066 0.3779296875 0.3229571984435798 0.2978515625
0 0.11640726329442283 0.328857421875 0.23281452658884566 0.26220703125
0 0.06387808041504539 0.22021484375 0.07846952010376135 0.06982421875
0 0.14105058365758755 0.196044921875 0.08625162127107652 0.078125
2 0.5444228274967574 0.052734375 0.09014267185473411 0.10546875
2 0.0035667963683527885 0.155517578125 0.007133592736705577 0.03955078125