2 0.7867360208062418 0.435302734375 0.18075422626788037 0.259765625
2 0.7493498049414824 0.37646484375 0.0377113133940182 0.06591796875
2 0.34980494148244473 0.476318359375 0.13328998699609884 0.17529296875
2 0.15377113133940182 0.558349609375 0.19635890767230169 0.26025390625
0 0.6986345903771132 0.51513671875 0.08842652795838751 0.1376953125
0 0.602405721716515 0.55224609375 0.1352405721716515 0.11181640625
0 0.5237321196358907 0.524658203125 0.07867360208062418 0.06298828125
0 0.46423927178153446 0.550048828125 0.06046814044213264 0.0830078125
0 0.435630689206762 0.594482421875 0.10208062418725618 0.1142578125
0 0.36996098829648894 0.619140625 0.10208062418725618 0.11279296875
5 0.12191157347204161 0.3916015625 0.24382314694408322 0.1142578125