2 0.6478599221789884 0.0546875 0.07133592736705577 0.10888671875
2 0.7380025940337225 0.02392578125 0.017509727626459144 0.02783203125
2 0.07911802853437094 0.095703125 0.03696498054474708 0.0439453125
0 0.9085603112840467 0.32958984375 0.1828793774319066 0.232421875
0 0.7490272373540856 0.4189453125 0.10700389105058365 0.26220703125
0 0.6173800259403373 0.32666015625 0.19001297016861218 0.24365234375
0 0.5687418936446174 0.25244140625 0.1867704280155642 0.09033203125
0 0.4176394293125811 0.3095703125 0.13488975356679636 0.17724609375
0 0.2198443579766537 0.32958984375 0.2535667963683528 0.2646484375
0 0.1264591439688716 0.2734375 0.23216601815823606 0.2373046875
0 0.20168612191958496 0.14404296875 0.0648508430609598 0.0498046875
0 0.1309987029831388 0.16552734375 0.05642023346303502 0.0634765625