0 0.4534505208333333 0.68798828125 0.3854166666666667 0.20166015625
0 0.7154947916666666 0.6083984375 0.212890625 0.2177734375
0 0.9085286458333334 0.67529296875 0.18294270833333334 0.2490234375
0 0.9801432291666666 0.796142578125 0.039713541666666664 0.25048828125
0 0.3336588541666667 0.592529296875 0.197265625 0.11376953125
0 0.14388020833333334 0.692138671875 0.24479166666666666 0.18896484375
0 0.17220052083333334 0.58642578125 0.13671875 0.07275390625
0 0.23014322916666666 0.536865234375 0.083984375 0.041015625
0 0.042643229166666664 0.478271484375 0.080078125 0.052734375
2 0.2236328125 0.3740234375 0.041666666666666664 0.04443359375
2 0.5068359375 0.350830078125 0.037760416666666664 0.05029296875
5 0.65234375 0.28564453125 0.126953125 0.0703125
5 0.90234375 0.239013671875 0.111328125 0.0888671875
5 0.4091796875 0.30078125 0.232421875 0.099609375
5 0.13216145833333334 0.35595703125 0.2643229166666667 0.138671875