2 0.5278858625162127 0.072998046875 0.12321660181582361 0.14599609375
0 0.11284046692607004 0.2138671875 0.0927367055771725 0.09326171875
0 0.03761348897535668 0.240234375 0.07522697795071336 0.080078125
0 0.6731517509727627 0.295654296875 0.4092088197146563 0.2109375
0 0.6741245136186771 0.413818359375 0.33073929961089493 0.27392578125
0 0.4964332036316472 0.253662109375 0.20038910505836577 0.0927734375
0 0.6387808041504539 0.2236328125 0.10311284046692606 0.068359375
0 0.377431906614786 0.31396484375 0.1517509727626459 0.18505859375
0 0.17412451361867703 0.3798828125 0.34824902723735407 0.27734375
0 0.05090791180285344 0.35400390625 0.10181582360570687 0.138671875
0 0.17444876783398183 0.301025390625 0.10051880674448768 0.06884765625