2 0.7409208819714657 0.078857421875 0.0914396887159533 0.1181640625
0 0.29507133592736706 0.1171875 0.07068741893644617 0.0693359375
0 0.21173800259403372 0.134521484375 0.08300907911802853 0.07568359375
0 0.9195849546044098 0.377197265625 0.1608300907911803 0.22802734375
0 0.7671854734111544 0.453369140625 0.23605706874189364 0.25341796875
0 0.6588845654993515 0.347900390625 0.23929961089494164 0.2880859375
0 0.6261348897535668 0.259521484375 0.2133592736705577 0.1220703125
0 0.4474708171206226 0.305908203125 0.16666666666666666 0.1904296875
0 0.1867704280155642 0.24755859375 0.28599221789883267 0.25927734375
0 0.24708171206225682 0.294921875 0.31841763942931256 0.27099609375
0 0.33106355382619973 0.20751953125 0.2133592736705577 0.1162109375
2 0.17412451361867703 0.05517578125 0.04215304798962387 0.044921875