0 0.8216601815823605 0.255126953125 0.2801556420233463 0.25830078125
0 0.7140077821011673 0.382568359375 0.17898832684824903 0.2412109375
0 0.5586900129701686 0.310791015625 0.26459143968871596 0.2685546875
0 0.47373540856031127 0.2490234375 0.21011673151750973 0.1279296875
0 0.35667963683527887 0.329345703125 0.18417639429312582 0.1982421875
0 0.1867704280155642 0.3857421875 0.3547341115434501 0.2958984375
0 0.10278858625162127 0.359375 0.20557717250324253 0.2646484375
0 0.03469520103761349 0.254150390625 0.06939040207522698 0.07177734375
0 0.10149156939040208 0.2119140625 0.06939040207522698 0.05224609375
2 0.4896238651102464 0.0517578125 0.10894941634241245 0.103515625
2 0.5664721141374838 0.00537109375 0.01880674448767834 0.0107421875