2 0.4866536458333333 0.297119140625 0.09700520833333333 0.1201171875
2 0.8597005208333334 0.285888671875 0.2734375 0.38232421875
2 0.10872395833333333 0.687255859375 0.1875 0.2265625
0 0.7526041666666666 0.44287109375 0.14322916666666666 0.20947265625
0 0.6162109375 0.5234375 0.197265625 0.18115234375
0 0.6334635416666666 0.434326171875 0.13736979166666666 0.0751953125
0 0.4970703125 0.49853515625 0.11002604166666667 0.0927734375
0 0.4127604166666667 0.54150390625 0.11067708333333333 0.099609375
0 0.296875 0.608642578125 0.18033854166666666 0.1181640625
0 0.3118489583333333 0.68701171875 0.1953125 0.1640625
0 0.3935546875 0.588623046875 0.17513020833333334 0.16552734375
5 0.6500651041666666 0.15234375 0.22981770833333334 0.10400390625
5 0.4495442708333333 0.230712890625 0.140625 0.07421875
5 0.1796875 0.31787109375 0.119140625 0.07275390625
5 0.008138020833333334 0.40869140625 0.016276041666666668 0.064453125