0 0.5673828125 0.324951171875 0.2669270833333333 0.1767578125
0 0.6337890625 0.21240234375 0.2649739583333333 0.15283203125
0 0.2594401041666667 0.529052734375 0.20377604166666666 0.1796875
0 0.13997395833333334 0.447021484375 0.13346354166666666 0.1396484375
0 0.3395182291666667 0.430419921875 0.166015625 0.13037109375
0 0.3447265625 0.359375 0.09765625 0.09912109375
0 0.4274088541666667 0.293701171875 0.10416666666666667 0.09423828125
0 0.4775390625 0.34716796875 0.15104166666666666 0.1220703125
2 0.8072916666666666 0.112548828125 0.24739583333333334 0.22509765625
2 0.3974609375 0.04833984375 0.11067708333333333 0.09521484375
2 0.09830729166666667 0.47509765625 0.19661458333333334 0.2783203125