0 0.3909505208333333 0.34423828125 0.17838541666666666 0.16845703125
0 0.3919270833333333 0.2685546875 0.17513020833333334 0.0771484375
0 0.2786458333333333 0.27099609375 0.15104166666666666 0.2119140625
0 0.6227213541666666 0.345703125 0.09309895833333333 0.07470703125
0 0.6477864583333334 0.388671875 0.142578125 0.12548828125
0 0.7438151041666666 0.493408203125 0.15299479166666666 0.1494140625
0 0.849609375 0.422119140625 0.11653645833333333 0.08349609375
2 0.9449869791666666 0.455078125 0.11002604166666667 0.2451171875
2 0.10709635416666667 0.153564453125 0.205078125 0.30712890625
2 0.4931640625 0.0537109375 0.08919270833333333 0.107421875
0 0.15266927083333334 0.060791015625 0.035807291666666664 0.05419921875