0 0.7169260700389105 0.468505859375 0.3359273670557717 0.30224609375
0 0.7392996108949417 0.343505859375 0.3865110246433204 0.2099609375
0 0.7162775616083009 0.284423828125 0.1861219195849546 0.08935546875
0 0.6222438391699092 0.26708984375 0.20363164721141375 0.10595703125
0 0.4785992217898833 0.283447265625 0.1582360570687419 0.189453125
0 0.24027237354085604 0.284912109375 0.3754863813229572 0.2880859375
0 0.10700389105058365 0.240966796875 0.14007782101167315 0.185546875
0 0.2798313878080415 0.11962890625 0.0933852140077821 0.10107421875
0 0.1874189364461738 0.118408203125 0.09727626459143969 0.087890625
2 0.7425421530479897 0.106201171875 0.12905317769131 0.1669921875
2 0.17996108949416342 0.043212890625 0.057068741893644616 0.05517578125