0 0.6044921875 0.586181640625 0.19140625 0.19970703125
0 0.21126302083333334 0.43505859375 0.1328125 0.17333984375
0 0.2965494791666667 0.4091796875 0.091796875 0.1005859375
0 0.3323567708333333 0.369384765625 0.07421875 0.046875
0 0.4625651041666667 0.443603515625 0.087890625 0.06298828125
0 0.3004557291666667 0.49658203125 0.22526041666666666 0.17236328125
0 0.4931640625 0.545166015625 0.2610677083333333 0.17529296875
0 0.5328776041666666 0.4697265625 0.14778645833333334 0.07763671875
2 0.8209635416666666 0.369140625 0.056640625 0.09375
2 0.11881510416666667 0.345458984375 0.21223958333333334 0.326171875
2 0.9192708333333334 0.529541015625 0.16145833333333334 0.39208984375
2 0.4514973958333333 0.32373046875 0.024739583333333332 0.03369140625