2 0.7146562905317769 0.09716796875 0.10894941634241245 0.16357421875
0 0.7438391699092088 0.33349609375 0.39364461738002593 0.2236328125
0 0.693579766536965 0.459228515625 0.31906614785992216 0.27978515625
0 0.7266536964980544 0.27197265625 0.13683527885862518 0.0751953125
0 0.6095979247730221 0.2705078125 0.1932555123216602 0.10595703125
0 0.48313878080415046 0.28857421875 0.15953307392996108 0.181640625
0 0.2247081712062257 0.3056640625 0.377431906614786 0.2880859375
0 0.09695201037613489 0.26611328125 0.14915693904020752 0.216796875
0 0.28826199740596625 0.2236328125 0.11478599221789883 0.076171875
0 0.2603761348897536 0.137939453125 0.0907911802853437 0.0927734375
0 0.16828793774319067 0.129150390625 0.08495460440985733 0.09326171875
2 0.14105058365758755 0.05126953125 0.03826199740596628 0.03466796875