2 0.6472114137483788 0.0556640625 0.06939040207522698 0.111328125
2 0.7373540856031129 0.0244140625 0.01621271076523995 0.03173828125
2 0.07782101167315175 0.1005859375 0.029182879377431907 0.048828125
0 0.8865110246433203 0.31640625 0.22568093385214008 0.193359375
0 0.7477302204928664 0.4306640625 0.11867704280155641 0.19482421875
0 0.6199740596627756 0.333984375 0.185473411154345 0.24365234375
0 0.5680933852140078 0.24560546875 0.191958495460441 0.07470703125
0 0.4377431906614786 0.29736328125 0.11024643320363164 0.15283203125
0 0.24254215304798962 0.3291015625 0.2892347600518807 0.24609375
0 0.12127107652399481 0.2431640625 0.24189364461738003 0.1552734375
0 0.21141374837872892 0.14501953125 0.05188067444876784 0.0595703125
0 0.13488975356679636 0.1650390625 0.061608300907911806 0.05712890625