0 0.861328125 0.6298828125 0.27734375 0.306640625
0 0.7926432291666666 0.554443359375 0.216796875 0.13525390625
0 0.4762369791666667 0.676513671875 0.2805989583333333 0.21044921875
0 0.3759765625 0.558349609375 0.21744791666666666 0.1484375
0 0.205078125 0.577880859375 0.19140625 0.09033203125
0 0.181640625 0.448486328125 0.12109375 0.07373046875
0 0.0986328125 0.591796875 0.12369791666666667 0.095703125
0 0.203125 0.533935546875 0.150390625 0.05859375
0 0.212890625 0.7099609375 0.373046875 0.23828125
2 0.2864583333333333 0.34716796875 0.029947916666666668 0.0361328125
2 0.07552083333333333 0.481689453125 0.15104166666666666 0.39306640625
2 0.4996744791666667 0.33447265625 0.033854166666666664 0.04736328125
5 0.7001953125 0.264404296875 0.12760416666666666 0.06787109375
5 0.4733072916666667 0.28955078125 0.2265625 0.07861328125
5 0.1865234375 0.324462890625 0.279296875 0.1181640625