0 0.1728515625 0.677978515625 0.298828125 0.28857421875
0 0.23763020833333334 0.618896484375 0.22200520833333334 0.1748046875
0 0.57421875 0.626708984375 0.2688802083333333 0.1552734375
0 0.6018880208333334 0.498291015625 0.18684895833333334 0.162109375
0 0.7776692708333334 0.55224609375 0.26171875 0.2216796875
0 0.7415364583333334 0.46826171875 0.09505208333333333 0.04638671875
0 0.7692057291666666 0.435546875 0.11848958333333333 0.0498046875
0 0.7819010416666666 0.34814453125 0.119140625 0.05615234375
2 0.6373697916666666 0.280029296875 0.029296875 0.03564453125
2 0.4169921875 0.31494140625 0.043619791666666664 0.05322265625
2 0.896484375 0.4189453125 0.20703125 0.3935546875
5 0.1962890625 0.291259765625 0.11458333333333333 0.060546875
5 0.4427083333333333 0.260009765625 0.220703125 0.06005859375
5 0.6946614583333334 0.231201171875 0.21354166666666666 0.08935546875