2 0.7701822916666666 0.391357421875 0.028645833333333332 0.0361328125
2 0.48046875 0.360595703125 0.042317708333333336 0.0576171875
0 0.2789713541666667 0.607177734375 0.20572916666666666 0.20703125
0 0.061197916666666664 0.638427734375 0.12239583333333333 0.14306640625
0 0.12890625 0.779052734375 0.2578125 0.37255859375
0 0.5237630208333334 0.701904296875 0.3756510416666667 0.19140625
0 0.6676432291666666 0.60009765625 0.20638020833333334 0.13525390625
0 0.8033854166666666 0.59619140625 0.13151041666666666 0.08154296875
0 0.84375 0.691162109375 0.2747395833333333 0.24365234375
0 0.6868489583333334 0.554931640625 0.109375 0.0595703125
5 0.8642578125 0.368896484375 0.271484375 0.13818359375
5 0.5862630208333334 0.3125 0.24674479166666666 0.10302734375
5 0.34765625 0.29541015625 0.12434895833333333 0.0625
5 0.099609375 0.245849609375 0.109375 0.0869140625