2 0.07161458333333333 0.37841796875 0.13020833333333334 0.30908203125
2 0.9420572916666666 0.5107421875 0.115234375 0.31982421875
2 0.6875 0.333984375 0.034505208333333336 0.06103515625
2 0.4544270833333333 0.32958984375 0.030598958333333332 0.03369140625
0 0.7291666666666666 0.482421875 0.19140625 0.08837890625
0 0.6022135416666666 0.5869140625 0.17122395833333334 0.17431640625
0 0.51171875 0.494140625 0.095703125 0.12060546875
0 0.283203125 0.38232421875 0.06315104166666667 0.05029296875
0 0.3138020833333333 0.533203125 0.2591145833333333 0.119140625
0 0.4889322916666667 0.6318359375 0.13671875 0.2802734375
0 0.15494791666666666 0.48388671875 0.17513020833333334 0.1220703125
0 0.3372395833333333 0.44287109375 0.07291666666666667 0.0546875
0 0.3938802083333333 0.44677734375 0.061197916666666664 0.05322265625
0 0.2786458333333333 0.447265625 0.10416666666666667 0.05810546875