0 0.42282749675745784 0.540771484375 0.14721141374837873 0.1455078125
0 0.5265888456549935 0.548828125 0.0946822308690013 0.1396484375
0 0.4591439688715953 0.485595703125 0.10440985732814527 0.06982421875
0 0.5107003891050583 0.468505859375 0.10181582360570687 0.08642578125
0 0.619325551232166 0.50634765625 0.13748378728923477 0.0927734375
0 0.7253566796368353 0.495361328125 0.20103761348897536 0.14990234375
0 0.7762645914396887 0.38330078125 0.04539559014267185 0.05859375
0 0.7263294422827496 0.390380859375 0.0648508430609598 0.06201171875
2 0.2143320363164721 0.42919921875 0.17509727626459143 0.34814453125
2 0.5920881971465629 0.333251953125 0.15239948119325553 0.265625
2 0.4036964980544747 0.316162109375 0.04669260700389105 0.06982421875
2 0.2921530479896239 0.312744140625 0.027237354085603113 0.0390625
2 0.8761348897535668 0.33203125 0.03696498054474708 0.0419921875