0 0.3857421875 0.56982421875 0.17447916666666666 0.20458984375
0 0.4853515625 0.53466796875 0.23828125 0.154296875
0 0.7109375 0.5205078125 0.20052083333333334 0.1435546875
0 0.8131510416666666 0.4892578125 0.09309895833333333 0.1728515625
0 0.7447916666666666 0.447509765625 0.055338541666666664 0.09375
0 0.712890625 0.39990234375 0.04296875 0.03662109375
0 0.5537109375 0.45751953125 0.11002604166666667 0.060546875
0 0.4886067708333333 0.46923828125 0.12434895833333333 0.0673828125
2 0.6129557291666666 0.341064453125 0.029947916666666668 0.03125
2 0.9163411458333334 0.4111328125 0.16731770833333334 0.3212890625
2 0.056966145833333336 0.441650390625 0.11393229166666667 0.39208984375
2 0.22395833333333334 0.316650390625 0.041666666666666664 0.07470703125