0 0.3603515625 0.52099609375 0.2903645833333333 0.240234375
0 0.11686197916666667 0.430908203125 0.17447916666666666 0.13671875
0 0.4944661458333333 0.47900390625 0.09700520833333333 0.1806640625
0 0.7503255208333334 0.535888671875 0.35546875 0.20947265625
0 0.8785807291666666 0.44287109375 0.24283854166666666 0.16650390625
0 0.9563802083333334 0.541015625 0.08723958333333333 0.1796875
2 0.064453125 0.4091796875 0.12890625 0.33203125
2 0.9615885416666666 0.2109375 0.027994791666666668 0.03857421875
2 0.6868489583333334 0.209228515625 0.033203125 0.056640625
2 0.900390625 0.20654296875 0.027994791666666668 0.02783203125
5 0.1689453125 0.0830078125 0.244140625 0.1640625
5 0.4860026041666667 0.150390625 0.12174479166666667 0.0625
5 0.7532552083333334 0.16455078125 0.23111979166666666 0.06005859375
5 0.9619140625 0.164306640625 0.076171875 0.09716796875