0 0.7958984375 0.70654296875 0.3372395833333333 0.30712890625
0 0.7408854166666666 0.641845703125 0.244140625 0.189453125
0 0.4059244791666667 0.618896484375 0.2858072916666667 0.17529296875
0 0.3990885416666667 0.489013671875 0.20703125 0.17431640625
0 0.2158203125 0.5263671875 0.2897135416666667 0.23876953125
0 0.2652994791666667 0.4462890625 0.099609375 0.0537109375
0 0.2431640625 0.411376953125 0.12239583333333333 0.05908203125
0 0.2451171875 0.323486328125 0.12434895833333333 0.0654296875
2 0.3994140625 0.26904296875 0.034505208333333336 0.037109375
2 0.6123046875 0.323974609375 0.05078125 0.0556640625
2 0.1259765625 0.38232421875 0.251953125 0.4013671875
5 0.8352864583333334 0.320556640625 0.12109375 0.0693359375
5 0.595703125 0.26708984375 0.22395833333333334 0.07861328125
5 0.3502604166666667 0.215576171875 0.22135416666666666 0.1064453125