0 0.2509727626459144 0.418701171875 0.1251621271076524 0.23876953125
0 0.10765239948119326 0.306640625 0.20363164721141375 0.22021484375
0 0.39299610894941633 0.32177734375 0.17769130998702984 0.25048828125
0 0.4497405966277562 0.249755859375 0.19584954604409857 0.0966796875
0 0.5924124513618677 0.310546875 0.14656290531776914 0.17724609375
0 0.790207522697795 0.3408203125 0.2710765239948119 0.26953125
0 0.8897535667963683 0.281982421875 0.2204928664072633 0.21142578125
0 0.8907263294422828 0.186279296875 0.0654993514915694 0.05859375
0 0.8083657587548638 0.158203125 0.08300907911802853 0.06005859375
2 0.29798962386511024 0.015380859375 0.021400778210116732 0.0283203125
2 0.3848897535667964 0.055419921875 0.07587548638132295 0.11083984375
2 0.9510376134889753 0.113037109375 0.03826199740596628 0.0380859375