0 0.16309987029831388 0.256103515625 0.251621271076524 0.251953125
0 0.2908560311284047 0.37841796875 0.20687418936446172 0.26220703125
0 0.44195849546044097 0.308349609375 0.2710765239948119 0.27880859375
0 0.5152399481193255 0.246337890625 0.22892347600518806 0.14404296875
0 0.6543450064850843 0.333984375 0.17833981841763943 0.18603515625
0 0.8304150453955902 0.39306640625 0.33916990920881973 0.2998046875
0 0.8891050583657587 0.367431640625 0.22178988326848248 0.28759765625
0 0.8955901426718548 0.211181640625 0.07652399481193256 0.064453125
0 0.9636835278858625 0.252685546875 0.07263294422827497 0.07763671875
0 0.806420233463035 0.285888671875 0.19714656290531776 0.115234375
2 0.5025940337224384 0.051513671875 0.08949416342412451 0.10302734375