2 0.20286085825747724 0.4736328125 0.14759427828348504 0.25146484375
2 0.22594278283485045 0.410888671875 0.029258777633289986 0.064453125
2 0.6423927178153446 0.457275390625 0.11118335500650195 0.16845703125
2 0.8543563068920677 0.51220703125 0.16319895968790638 0.25048828125
0 0.30786736020806243 0.540771484375 0.07022106631989597 0.1337890625
0 0.4112483745123537 0.56494140625 0.1222366710013004 0.103515625
0 0.48244473342002603 0.52734375 0.07152145643693109 0.05810546875
0 0.546814044213264 0.544677734375 0.05006501950585176 0.080078125
0 0.5851755526657998 0.584716796875 0.08842652795838751 0.1083984375
0 0.6557217165149545 0.6005859375 0.08777633289986995 0.10693359375
5 0.8608582574772432 0.342529296875 0.2613784135240572 0.09521484375