0 0.4163411458333333 0.3291015625 0.2565104166666667 0.16650390625
0 0.33984375 0.22021484375 0.255859375 0.14208984375
0 0.7425130208333334 0.516357421875 0.19140625 0.1728515625
0 0.8541666666666666 0.42822265625 0.123046875 0.1357421875
0 0.6536458333333334 0.422119140625 0.15690104166666666 0.1240234375
0 0.6416015625 0.351806640625 0.09049479166666667 0.09619140625
0 0.5533854166666666 0.29052734375 0.09765625 0.0908203125
0 0.5081380208333334 0.34619140625 0.142578125 0.11669921875
2 0.15397135416666666 0.119384765625 0.224609375 0.23876953125
2 0.5598958333333334 0.044921875 0.10416666666666667 0.08984375
2 0.9052734375 0.452880859375 0.189453125 0.27197265625