0 0.2905317769130999 0.3681640625 0.0654993514915694 0.05517578125
0 0.24610894941634243 0.354248046875 0.058365758754863814 0.0517578125
0 0.2814526588845655 0.479736328125 0.22892347600518806 0.17333984375
0 0.3861867704280156 0.490234375 0.13683527885862518 0.0966796875
0 0.49546044098573283 0.467041015625 0.10894941634241245 0.07958984375
0 0.5447470817120622 0.493896484375 0.0927367055771725 0.0810546875
0 0.5625810635538262 0.55712890625 0.17704280155642024 0.16943359375
0 0.4591439688715953 0.55126953125 0.13488975356679636 0.14892578125
2 0.7983138780804151 0.45947265625 0.23670557717250323 0.3486328125
2 0.6368352788586251 0.3330078125 0.061608300907911806 0.07080078125
2 0.7470817120622568 0.33740234375 0.03696498054474708 0.03662109375
2 0.44422827496757455 0.33544921875 0.19779507133592736 0.26171875
2 0.1614785992217899 0.297119140625 0.04734111543450065 0.041015625