0 0.4150453955901427 0.53125 0.14396887159533073 0.1435546875
0 0.5158884565499352 0.55126953125 0.0914396887159533 0.138671875
0 0.46271076523994814 0.48095703125 0.10311284046692606 0.068359375
0 0.5171854734111544 0.469970703125 0.09987029831387809 0.08544921875
0 0.6164072632944229 0.520263671875 0.13618677042801555 0.0908203125
0 0.7234111543450065 0.52197265625 0.19779507133592736 0.1474609375
0 0.7970168612191959 0.417236328125 0.04409857328145266 0.05810546875
0 0.7461089494163424 0.41845703125 0.06355382619974059 0.0615234375
2 0.23281452658884566 0.396240234375 0.16731517509727625 0.3466796875
2 0.6254863813229572 0.345947265625 0.14656290531776914 0.26416015625
2 0.44325551232166016 0.30712890625 0.04474708171206226 0.0693359375
2 0.3336575875486381 0.29052734375 0.02594033722438392 0.03857421875
2 0.9066147859922179 0.37841796875 0.03631647211413749 0.04150390625