0 0.251621271076524 0.29541015625 0.3028534370946822 0.2734375
0 0.1815823605706874 0.203857421875 0.26588845654993515 0.189453125
0 0.21011673151750973 0.126953125 0.07652399481193256 0.0751953125
0 0.29961089494163423 0.114990234375 0.09014267185473411 0.0634765625
0 0.6546692607003891 0.3564453125 0.2619974059662776 0.26611328125
0 0.8835927367055771 0.36572265625 0.23281452658884566 0.224609375
0 0.769455252918288 0.46044921875 0.17704280155642024 0.24658203125
0 0.5003242542153048 0.29931640625 0.16601815823605706 0.12841796875
0 0.6348897535667963 0.261474609375 0.20687418936446172 0.11376953125
2 0.7438391699092088 0.085205078125 0.10700389105058365 0.12744140625
2 0.8437094682230869 0.059326171875 0.03631647211413749 0.0302734375
2 0.16958495460440987 0.043701171875 0.03501945525291829 0.0380859375