2 0.9300130208333334 0.438720703125 0.13997395833333334 0.40380859375
2 0.7900390625 0.30712890625 0.043619791666666664 0.07568359375
2 0.3740234375 0.327392578125 0.033854166666666664 0.0361328125
2 0.08463541666666667 0.3896484375 0.16927083333333334 0.32421875
0 0.2841796875 0.394775390625 0.06901041666666667 0.0478515625
0 0.6083984375 0.564697265625 0.177734375 0.189453125
0 0.294921875 0.5146484375 0.19075520833333334 0.16552734375
0 0.1875 0.477783203125 0.103515625 0.1689453125
0 0.2594401041666667 0.43994140625 0.10091145833333333 0.12158203125
0 0.4886067708333333 0.536376953125 0.189453125 0.17919921875
0 0.4446614583333333 0.443359375 0.10807291666666667 0.05322265625
0 0.5065104166666666 0.460205078125 0.10481770833333333 0.07421875