0 0.8209635416666666 0.8466796875 0.3580729166666667 0.30615234375
0 0.3990885416666667 0.7138671875 0.3079427083333333 0.1748046875
0 0.6783854166666666 0.64306640625 0.1328125 0.1884765625
0 0.9127604166666666 0.619140625 0.17447916666666666 0.11865234375
0 0.8828125 0.69384765625 0.13802083333333334 0.13720703125
0 0.3430989583333333 0.5576171875 0.14322916666666666 0.0673828125
0 0.2747395833333333 0.58056640625 0.24283854166666666 0.15087890625
0 0.109375 0.6826171875 0.21809895833333334 0.20458984375
0 0.17252604166666666 0.5869140625 0.14453125 0.0986328125
0 0.032552083333333336 0.47314453125 0.061197916666666664 0.041015625
2 0.228515625 0.369140625 0.026041666666666668 0.0458984375
2 0.572265625 0.3818359375 0.037760416666666664 0.05859375
5 0.140625 0.33544921875 0.28125 0.0908203125
5 0.4375 0.31494140625 0.19791666666666666 0.06982421875
5 0.6790364583333334 0.328125 0.11458333333333333 0.04345703125
5 0.9427083333333334 0.30517578125 0.11458333333333333 0.08740234375