2 0.4575226977950713 0.05126953125 0.0940337224383917 0.1025390625
2 0.3754863813229572 0.008544921875 0.023346303501945526 0.01708984375
2 0.9938391699092088 0.16162109375 0.01232166018158236 0.0517578125
0 0.1618028534370947 0.2685546875 0.26653696498054474 0.2197265625
0 0.2720492866407263 0.3994140625 0.1621271076523995 0.20751953125
0 0.42023346303501946 0.32080078125 0.23865110246433205 0.26416015625
0 0.4915693904020752 0.240478515625 0.20622568093385213 0.0986328125
0 0.607976653696498 0.30859375 0.14396887159533073 0.1650390625
0 0.7928015564202334 0.365478515625 0.3417639429312581 0.2802734375
0 0.8975356679636836 0.29638671875 0.20492866407263294 0.1845703125
0 0.8660830090791181 0.188232421875 0.0648508430609598 0.0654296875
0 0.9367704280155642 0.2177734375 0.07392996108949416 0.064453125