2 0.09895833333333333 0.38671875 0.13216145833333334 0.3046875
2 0.9290364583333334 0.4716796875 0.14192708333333334 0.3857421875
2 0.4309895833333333 0.337890625 0.032552083333333336 0.0380859375
2 0.7395833333333334 0.33935546875 0.040364583333333336 0.07177734375
0 0.2890625 0.3828125 0.07552083333333333 0.048828125
0 0.6119791666666666 0.57958984375 0.19401041666666666 0.16064453125
0 0.3157552083333333 0.53466796875 0.234375 0.10400390625
0 0.13606770833333334 0.4931640625 0.17708333333333334 0.13134765625
0 0.263671875 0.4365234375 0.11783854166666667 0.0947265625
0 0.357421875 0.451171875 0.1015625 0.04736328125
0 0.4290364583333333 0.46240234375 0.09375 0.05810546875
0 0.5188802083333334 0.47314453125 0.11783854166666667 0.06396484375
0 0.51953125 0.5546875 0.19791666666666666 0.16845703125
0 0.642578125 0.4892578125 0.14908854166666666 0.0810546875