0 0.5810635538261998 0.5380859375 0.1297016861219196 0.134765625
0 0.48638132295719844 0.466796875 0.07457846952010376 0.07080078125
0 0.5460440985732814 0.486328125 0.06939040207522698 0.0634765625
0 0.2619974059662776 0.40771484375 0.058365758754863814 0.0546875
0 0.21595330739299612 0.40380859375 0.040207522697795074 0.05224609375
0 0.47341115434500647 0.54541015625 0.08430609597924774 0.1396484375
0 0.37937743190661477 0.5126953125 0.12321660181582361 0.072265625
0 0.2710765239948119 0.5126953125 0.1867704280155642 0.12841796875
2 0.10765239948119326 0.361328125 0.038910505836575876 0.03662109375
2 0.5726329442282749 0.30615234375 0.04539559014267185 0.05859375
2 0.6874189364461738 0.294921875 0.020752269779507133 0.0302734375
2 0.7795071335927367 0.40673828125 0.13618677042801555 0.328125
2 0.39883268482490275 0.3515625 0.13618677042801555 0.2548828125