0 0.8671875 0.77734375 0.2649739583333333 0.27734375
0 0.884765625 0.53125 0.17643229166666666 0.12744140625
0 0.517578125 0.54638671875 0.13151041666666666 0.17724609375
0 0.68359375 0.62646484375 0.16666666666666666 0.19482421875
0 0.23828125 0.59130859375 0.36328125 0.14453125
0 0.13151041666666666 0.490234375 0.189453125 0.099609375
0 0.044270833333333336 0.41943359375 0.08463541666666667 0.0458984375
0 0.018880208333333332 0.47021484375 0.034505208333333336 0.08203125
5 0.8860677083333334 0.18994140625 0.22786458333333334 0.134765625
5 0.5546875 0.22509765625 0.109375 0.05224609375
5 0.3059895833333333 0.208984375 0.23828125 0.0625
5 0.057291666666666664 0.2001953125 0.11458333333333333 0.0849609375