2 0.9270833333333334 0.460693359375 0.14583333333333334 0.40283203125
2 0.8473307291666666 0.346923828125 0.042317708333333336 0.06982421875
2 0.2109375 0.4111328125 0.0625 0.1142578125
0 0.8141276041666666 0.5634765625 0.103515625 0.22412109375
0 0.6871744791666666 0.52978515625 0.134765625 0.130859375
0 0.62109375 0.610595703125 0.171875 0.18798828125
0 0.5110677083333334 0.563720703125 0.10611979166666667 0.0986328125
0 0.3834635416666667 0.6611328125 0.17708333333333334 0.1884765625
0 0.267578125 0.68359375 0.138671875 0.1806640625
0 0.419921875 0.558837890625 0.09049479166666667 0.04443359375
0 0.3551432291666667 0.5751953125 0.080078125 0.05908203125
5 0.054036458333333336 0.321044921875 0.10807291666666667 0.08642578125
5 0.3190104166666667 0.32763671875 0.099609375 0.05224609375
5 0.5397135416666666 0.303466796875 0.23372395833333334 0.0712890625
5 0.8229166666666666 0.299560546875 0.22135416666666666 0.09033203125