2 0.4615885416666667 0.298828125 0.06966145833333333 0.1123046875
2 0.09244791666666667 0.34130859375 0.18489583333333334 0.3623046875
2 0.931640625 0.6279296875 0.13606770833333334 0.2109375
0 0.23763020833333334 0.47998046875 0.09440104166666667 0.19970703125
0 0.3919270833333333 0.53955078125 0.15950520833333334 0.1611328125
0 0.3522135416666667 0.45458984375 0.125 0.05859375
0 0.5026041666666666 0.498046875 0.09114583333333333 0.0810546875
0 0.5963541666666666 0.5283203125 0.08984375 0.08837890625
0 0.7272135416666666 0.57763671875 0.158203125 0.09716796875
0 0.732421875 0.65673828125 0.16145833333333334 0.1435546875
0 0.626953125 0.57177734375 0.13997395833333334 0.1484375
5 0.2643229166666667 0.18017578125 0.21484375 0.07470703125
5 0.4811197916666667 0.228515625 0.12825520833333334 0.05712890625
5 0.7682291666666666 0.275390625 0.10611979166666667 0.05859375
5 0.9791666666666666 0.33740234375 0.041666666666666664 0.0595703125