2 0.6875 0.315185546875 0.038411458333333336 0.04248046875
2 0.3893229166666667 0.38671875 0.055989583333333336 0.0615234375
0 0.09602864583333333 0.699462890625 0.123046875 0.1396484375
0 0.16634114583333334 0.7919921875 0.21223958333333334 0.2109375
0 0.3043619791666667 0.84423828125 0.458984375 0.3115234375
0 0.3629557291666667 0.65234375 0.23177083333333334 0.18896484375
0 0.6318359375 0.672607421875 0.3515625 0.20263671875
0 0.7099609375 0.516357421875 0.2552083333333333 0.16650390625
0 0.8860677083333334 0.564453125 0.22786458333333334 0.26953125
0 0.9244791666666666 0.369140625 0.09895833333333333 0.06005859375
0 0.8304036458333334 0.500732421875 0.158203125 0.10546875
0 0.6669921875 0.512939453125 0.12760416666666666 0.09033203125
5 0.2526041666666667 0.360595703125 0.1328125 0.07568359375
5 0.0302734375 0.392578125 0.060546875 0.0947265625
5 0.4847005208333333 0.30029296875 0.21028645833333334 0.1083984375
5 0.7848307291666666 0.264892578125 0.3131510416666667 0.1533203125