2 0.6374837872892347 0.0537109375 0.07392996108949416 0.107421875
2 0.7269779507133592 0.020751953125 0.018158236057068743 0.02783203125
2 0.06971465629053178 0.101318359375 0.03826199740596628 0.04443359375
0 0.9046692607003891 0.32421875 0.1880674448767834 0.23486328125
0 0.7470817120622568 0.415771484375 0.11284046692607004 0.263671875
0 0.6134889753566797 0.3251953125 0.19584954604409857 0.24609375
0 0.562905317769131 0.25146484375 0.188715953307393 0.0927734375
0 0.41309987029831385 0.310791015625 0.13878080415045396 0.17919921875
0 0.21595330739299612 0.333251953125 0.2594033722438392 0.26806640625
0 0.12127107652399481 0.2783203125 0.23735408560311283 0.240234375
0 0.193579766536965 0.14794921875 0.06614785992217899 0.05078125
0 0.12321660181582361 0.17041015625 0.05771725032425422 0.06396484375