0 0.25421530479896237 0.41015625 0.05188067444876784 0.04736328125
0 0.20687418936446172 0.40478515625 0.04539559014267185 0.044921875
0 0.2814526588845655 0.52001953125 0.188715953307393 0.14306640625
0 0.3865110246433204 0.51123046875 0.11543450064850844 0.078125
0 0.48508430609597925 0.46875 0.0907911802853437 0.06494140625
0 0.5415045395590142 0.48583984375 0.07263294422827497 0.06982421875
0 0.579118028534371 0.5439453125 0.13294422827496757 0.1494140625
0 0.4766536964980545 0.55712890625 0.0940337224383917 0.1357421875
2 0.7762645914396887 0.40625 0.13294422827496757 0.33447265625
2 0.579118028534371 0.31298828125 0.04215304798962387 0.06494140625
2 0.6874189364461738 0.29736328125 0.027237354085603113 0.03271484375
2 0.39299610894941633 0.3505859375 0.1219195849546044 0.2470703125
2 0.10635538261997406 0.36474609375 0.03696498054474708 0.03515625