2 0.9127604166666666 0.350830078125 0.16536458333333334 0.31640625
2 0.068359375 0.53955078125 0.13671875 0.326171875
2 0.2939453125 0.346923828125 0.041666666666666664 0.06298828125
2 0.5257161458333334 0.3271484375 0.034505208333333336 0.03564453125
0 0.26953125 0.49755859375 0.201171875 0.1005859375
0 0.408203125 0.59326171875 0.19075520833333334 0.18505859375
0 0.4876302083333333 0.494873046875 0.109375 0.12646484375
0 0.7021484375 0.36865234375 0.06901041666666667 0.05419921875
0 0.689453125 0.52099609375 0.2721354166666667 0.1357421875
0 0.5263671875 0.630615234375 0.16861979166666666 0.2880859375
0 0.841796875 0.46142578125 0.18880208333333334 0.1328125
0 0.6555989583333334 0.432373046875 0.07877604166666667 0.05908203125
0 0.599609375 0.43994140625 0.06705729166666667 0.05712890625
0 0.7145182291666666 0.43310546875 0.11067708333333333 0.064453125