2 0.12760416666666666 0.314697265625 0.24934895833333334 0.3310546875
2 0.9007161458333334 0.575927734375 0.19856770833333334 0.36669921875
2 0.5009765625 0.3291015625 0.034505208333333336 0.04248046875
2 0.7428385416666666 0.37890625 0.046223958333333336 0.0615234375
0 0.3245442708333333 0.347412109375 0.08333333333333333 0.0556640625
0 0.6819661458333334 0.511962890625 0.17643229166666666 0.10693359375
0 0.5706380208333334 0.604736328125 0.197265625 0.1806640625
0 0.4635416666666667 0.57373046875 0.17252604166666666 0.21728515625
0 0.306640625 0.494140625 0.275390625 0.15869140625
0 0.150390625 0.42919921875 0.1640625 0.1416015625
0 0.2913411458333333 0.4111328125 0.13020833333333334 0.07421875
0 0.4251302083333333 0.4326171875 0.072265625 0.056640625
0 0.3629557291666667 0.41943359375 0.09244791666666667 0.06591796875
0 0.5279947916666666 0.47412109375 0.12760416666666666 0.08349609375