2 0.057291666666666664 0.508056640625 0.11458333333333333 0.33447265625
2 0.5315755208333334 0.345703125 0.0234375 0.02587890625
0 0.5100911458333334 0.589599609375 0.240234375 0.2509765625
0 0.4944661458333333 0.50732421875 0.11848958333333333 0.099609375
0 0.14973958333333334 0.687255859375 0.2864583333333333 0.32666015625
0 0.10807291666666667 0.561767578125 0.08203125 0.07421875
0 0.8245442708333334 0.559326171875 0.287109375 0.15673828125
0 0.8111979166666666 0.450927734375 0.111328125 0.10986328125
0 0.6842447916666666 0.390625 0.083984375 0.04248046875
0 0.7945963541666666 0.396240234375 0.11197916666666667 0.0419921875
0 0.9254557291666666 0.48779296875 0.14908854166666666 0.0888671875