0 0.609375 0.57421875 0.16080729166666666 0.19873046875
0 0.5123697916666666 0.53515625 0.228515625 0.1455078125
0 0.2877604166666667 0.51220703125 0.19140625 0.13623046875
0 0.18815104166666666 0.47705078125 0.08138020833333333 0.169921875
0 0.2591145833333333 0.43798828125 0.048828125 0.091796875
0 0.2942708333333333 0.3916015625 0.040364583333333336 0.03515625
0 0.44921875 0.45556640625 0.10611979166666667 0.056640625
0 0.513671875 0.4697265625 0.12044270833333333 0.0625
2 0.3984375 0.3369140625 0.027994791666666668 0.0302734375
2 0.08463541666666667 0.39501953125 0.15690104166666666 0.3154296875
2 0.951171875 0.45947265625 0.09700520833333333 0.388671875
2 0.7884114583333334 0.32763671875 0.036458333333333336 0.0732421875