2 0.06901041666666667 0.451171875 0.13802083333333334 0.447265625
2 0.333984375 0.3095703125 0.024739583333333332 0.0283203125
2 0.55078125 0.330078125 0.041666666666666664 0.04736328125
2 0.3841145833333333 0.31298828125 0.018229166666666668 0.02587890625
0 0.2109375 0.392578125 0.10481770833333333 0.05712890625
0 0.845703125 0.67626953125 0.24153645833333334 0.26953125
0 0.7760416666666666 0.6201171875 0.19466145833333334 0.15478515625
0 0.4322916666666667 0.66748046875 0.23111979166666666 0.16455078125
0 0.3899739583333333 0.525390625 0.14973958333333334 0.1435546875
0 0.2265625 0.482421875 0.123046875 0.04248046875
0 0.22265625 0.62109375 0.248046875 0.1748046875
0 0.21028645833333334 0.51513671875 0.19270833333333334 0.0498046875
5 0.7734375 0.28955078125 0.1328125 0.05078125
5 0.5227864583333334 0.27880859375 0.22786458333333334 0.03955078125
5 0.251953125 0.27001953125 0.22330729166666666 0.07470703125