0 0.3004557291666667 0.67626953125 0.14453125 0.1796875
0 0.4069010416666667 0.625244140625 0.2506510416666667 0.16455078125
0 0.5537109375 0.55224609375 0.08919270833333333 0.13037109375
0 0.4482421875 0.549072265625 0.11653645833333333 0.05322265625
0 0.6803385416666666 0.590576171875 0.1875 0.21337890625
0 0.8525390625 0.55224609375 0.193359375 0.21728515625
2 0.5338541666666666 0.376220703125 0.099609375 0.14697265625
2 0.06575520833333333 0.552001953125 0.13151041666666666 0.39892578125
2 0.947265625 0.43212890625 0.10546875 0.41796875
5 0.8258463541666666 0.268798828125 0.25390625 0.09033203125
5 0.55078125 0.284423828125 0.21875 0.08349609375
5 0.3134765625 0.317138671875 0.119140625 0.06103515625
5 0.050455729166666664 0.321533203125 0.10091145833333333 0.09814453125