2 0.29507133592736706 0.06884765625 0.07782101167315175 0.11767578125
0 0.05771725032425422 0.351318359375 0.11543450064850844 0.21435546875
0 0.23929961089494164 0.441650390625 0.20103761348897536 0.25390625
0 0.35992217898832685 0.335693359375 0.20817120622568094 0.25537109375
0 0.39980544747081714 0.254150390625 0.1880674448767834 0.0966796875
0 0.5651750972762646 0.304931640625 0.14656290531776914 0.1669921875
0 0.7594033722438391 0.32470703125 0.29442282749675747 0.26513671875
0 0.8459792477302205 0.256103515625 0.21660181582360571 0.25732421875
0 0.7159533073929961 0.212646484375 0.20298313878080415 0.1025390625
0 0.7363813229571985 0.135498046875 0.061608300907911806 0.07568359375
0 0.8232814526588845 0.14990234375 0.061608300907911806 0.08056640625
2 0.8657587548638133 0.072998046875 0.0304798962386511 0.0439453125