0 0.3997395833333333 0.7138671875 0.3365885416666667 0.17236328125
0 0.10091145833333333 0.67578125 0.201171875 0.2060546875
0 0.2805989583333333 0.59228515625 0.21809895833333334 0.14990234375
0 0.439453125 0.5869140625 0.12109375 0.103515625
0 0.6243489583333334 0.646484375 0.111328125 0.1923828125
0 0.751953125 0.60693359375 0.15299479166666666 0.0908203125
0 0.7252604166666666 0.72705078125 0.17643229166666666 0.24365234375
0 0.875 0.73828125 0.11328125 0.24365234375
0 0.13411458333333334 0.5732421875 0.11458333333333333 0.07861328125
2 0.16666666666666666 0.37646484375 0.039713541666666664 0.05224609375
2 0.6334635416666666 0.39013671875 0.039713541666666664 0.0849609375
0 0.038411458333333336 0.47265625 0.076171875 0.04736328125
5 0.9322916666666666 0.30419921875 0.134765625 0.07861328125
5 0.6588541666666666 0.32421875 0.10481770833333333 0.04833984375
5 0.4264322916666667 0.31689453125 0.21614583333333334 0.06591796875
5 0.13411458333333334 0.33935546875 0.248046875 0.09619140625