2 0.7008463541666666 0.147216796875 0.043619791666666664 0.04345703125
2 0.4573567708333333 0.216796875 0.048177083333333336 0.05078125
2 0.6507161458333334 0.15380859375 0.027994791666666668 0.0302734375
0 0.06705729166666667 0.576171875 0.13411458333333334 0.140625
0 0.3134765625 0.593017578125 0.330078125 0.27685546875
0 0.6940104166666666 0.497314453125 0.3138020833333333 0.21044921875
0 0.9000651041666666 0.427734375 0.19986979166666666 0.2001953125
0 0.7298177083333334 0.365966796875 0.244140625 0.18115234375
0 0.9075520833333334 0.302978515625 0.10091145833333333 0.091796875
0 0.8583984375 0.298095703125 0.08919270833333333 0.06103515625
0 0.837890625 0.3310546875 0.12825520833333334 0.083984375
0 0.390625 0.502685546875 0.18229166666666666 0.177734375
0 0.8756510416666666 0.20068359375 0.08203125 0.05908203125
5 0.7555338541666666 0.083251953125 0.244140625 0.13525390625
5 0.5257161458333334 0.14208984375 0.154296875 0.072265625
5 0.24479166666666666 0.2099609375 0.11653645833333333 0.076171875
5 0.021158854166666668 0.260009765625 0.042317708333333336 0.10595703125