0 0.24934895833333334 0.634765625 0.15950520833333334 0.18505859375
0 0.369140625 0.6044921875 0.2630208333333333 0.17578125
0 0.5354817708333334 0.560546875 0.10026041666666667 0.13330078125
0 0.4339192708333333 0.5380859375 0.11979166666666667 0.05859375
0 0.6458333333333334 0.62060546875 0.205078125 0.22021484375
0 0.8251953125 0.61474609375 0.2109375 0.224609375
2 0.5729166666666666 0.385986328125 0.11197916666666667 0.14990234375
2 0.07291666666666667 0.469970703125 0.14583333333333334 0.40087890625
2 0.9420572916666666 0.516845703125 0.11588541666666667 0.41845703125
5 0.880859375 0.33447265625 0.23828125 0.1025390625
5 0.6188151041666666 0.300048828125 0.22330729166666666 0.09375
5 0.3779296875 0.288818359375 0.123046875 0.06640625
5 0.10807291666666667 0.242919921875 0.13541666666666666 0.103515625