2 0.4235026041666667 0.045654296875 0.06966145833333333 0.087890625
2 0.07454427083333333 0.14892578125 0.14908854166666666 0.232421875
2 0.9036458333333334 0.3955078125 0.19270833333333334 0.25
0 0.7252604166666666 0.465087890625 0.17513020833333334 0.1689453125
0 0.8264973958333334 0.406494140625 0.17578125 0.17138671875
0 0.6236979166666666 0.405517578125 0.22916666666666666 0.14794921875
0 0.6158854166666666 0.322509765625 0.126953125 0.07373046875
0 0.5113932291666666 0.30126953125 0.10026041666666667 0.11669921875
0 0.4775390625 0.3427734375 0.130859375 0.12255859375
0 0.2740885416666667 0.261474609375 0.2903645833333333 0.1513671875
0 0.3854166666666667 0.3369140625 0.2513020833333333 0.15478515625