2 0.7740885416666666 0.375244140625 0.024739583333333332 0.04638671875
2 0.4348958333333333 0.370849609375 0.033854166666666664 0.060546875
0 0.0546875 0.600341796875 0.109375 0.12255859375
0 0.09537760416666667 0.684326171875 0.11848958333333333 0.16015625
0 0.18391927083333334 0.828125 0.3678385416666667 0.3369140625
0 0.3193359375 0.617919921875 0.1328125 0.15087890625
0 0.578125 0.695556640625 0.3203125 0.14453125
0 0.7125651041666666 0.579833984375 0.22786458333333334 0.15185546875
0 0.8880208333333334 0.67138671875 0.20963541666666666 0.1875
0 0.8271484375 0.578369140625 0.150390625 0.06103515625
0 0.9606119791666666 0.473876953125 0.076171875 0.03564453125
0 0.669921875 0.5439453125 0.10611979166666667 0.068359375
5 0.06412760416666667 0.289794921875 0.11328125 0.08251953125
5 0.3151041666666667 0.31494140625 0.13541666666666666 0.05810546875
5 0.5615234375 0.31103515625 0.21484375 0.076171875
5 0.8603515625 0.3359375 0.279296875 0.095703125