0 0.28761348897535666 0.454345703125 0.3086900129701686 0.2880859375
0 0.2798313878080415 0.328369140625 0.3722438391699092 0.189453125
0 0.309662775616083 0.27099609375 0.18093385214007782 0.0791015625
0 0.4053177691309987 0.260009765625 0.19714656290531776 0.0947265625
0 0.5463683527885862 0.28564453125 0.13942931258106356 0.1845703125
0 0.7833981841763943 0.302734375 0.35084306095979245 0.27099609375
0 0.9215304798962386 0.267822265625 0.12127107652399481 0.181640625
0 0.7632944228274967 0.135498046875 0.08365758754863813 0.09765625
0 0.8553826199740596 0.140380859375 0.08949416342412451 0.083984375
2 0.3041504539559014 0.091796875 0.11219195849546044 0.1630859375
2 0.8715953307392996 0.06591796875 0.05188067444876784 0.05322265625