2 0.6361867704280155 0.07373046875 0.08430609597924774 0.14697265625
2 0.058365758754863814 0.09765625 0.038910505836575876 0.03759765625
0 0.19066147859922178 0.1630859375 0.07457846952010376 0.09521484375
0 0.10116731517509728 0.17333984375 0.07782101167315175 0.0869140625
0 0.6867704280155642 0.43115234375 0.2535667963683528 0.2470703125
0 0.7016861219195849 0.3408203125 0.3547341115434501 0.1787109375
0 0.6666666666666666 0.2529296875 0.17704280155642024 0.0625
0 0.5590142671854734 0.26171875 0.17704280155642024 0.0869140625
0 0.440337224383917 0.28369140625 0.14137483787289234 0.17236328125
0 0.191958495460441 0.32470703125 0.3022049286640726 0.232421875
0 0.048638132295719845 0.31298828125 0.09727626459143969 0.1923828125