0 0.4153645833333333 0.65185546875 0.365234375 0.37353515625
0 0.4720052083333333 0.485107421875 0.11458333333333333 0.11767578125
0 0.3473307291666667 0.555908203125 0.1171875 0.16943359375
0 0.15559895833333334 0.435546875 0.16666666666666666 0.1162109375
0 0.6803385416666666 0.555419921875 0.232421875 0.13525390625
0 0.8444010416666666 0.5361328125 0.15950520833333334 0.17333984375
0 0.7395833333333334 0.477783203125 0.109375 0.10107421875
0 0.6767578125 0.47314453125 0.11263020833333333 0.09228515625
0 0.7464192708333334 0.42529296875 0.06315104166666667 0.0390625
0 0.8046875 0.453857421875 0.06770833333333333 0.0546875
2 0.923828125 0.471923828125 0.15234375 0.33447265625
2 0.08658854166666667 0.403076171875 0.17317708333333334 0.38720703125