2 0.9052734375 0.513671875 0.189453125 0.458984375
2 0.7112630208333334 0.3369140625 0.03125 0.03125
2 0.4934895833333333 0.325927734375 0.052734375 0.05224609375
2 0.6614583333333334 0.3330078125 0.024739583333333332 0.02783203125
0 0.8111979166666666 0.43603515625 0.1171875 0.0712890625
0 0.13444010416666666 0.623291015625 0.2688802083333333 0.29931640625
0 0.19856770833333334 0.578369140625 0.23046875 0.1796875
0 0.5237630208333334 0.674072265625 0.2688802083333333 0.19482421875
0 0.6015625 0.540771484375 0.18359375 0.162109375
0 0.7727864583333334 0.52197265625 0.13151041666666666 0.05908203125
0 0.7415364583333334 0.658447265625 0.2877604166666667 0.20703125
0 0.7805989583333334 0.556396484375 0.20182291666666666 0.07666015625
5 0.28515625 0.25439453125 0.14322916666666666 0.06884765625
5 0.5338541666666666 0.279541015625 0.23372395833333334 0.0712890625
5 0.8020833333333334 0.309814453125 0.23828125 0.10546875