0 0.8913748378728924 0.310546875 0.20233463035019456 0.23828125
0 0.7525940337224384 0.410888671875 0.1504539559014267 0.2470703125
0 0.601491569390402 0.3193359375 0.21595330739299612 0.2548828125
0 0.5398832684824902 0.254150390625 0.19001297016861218 0.1103515625
0 0.3962386511024643 0.314208984375 0.14785992217898833 0.16796875
0 0.19844357976653695 0.357666015625 0.29507133592736706 0.28369140625
0 0.12094682230869001 0.30224609375 0.24189364461738003 0.2490234375
0 0.09792477302204929 0.192626953125 0.07198443579766536 0.06640625
0 0.17769130998702984 0.173828125 0.07911802853437094 0.07421875
2 0.5972762645914397 0.054443359375 0.07782101167315175 0.10888671875
2 0.0324254215304799 0.12353515625 0.029831387808041506 0.0380859375