0 0.5003255208333334 0.59228515625 0.18489583333333334 0.2333984375
0 0.5081380208333334 0.51318359375 0.095703125 0.0771484375
0 0.8665364583333334 0.72265625 0.263671875 0.30810546875
0 0.8902994791666666 0.522216796875 0.10026041666666667 0.10400390625
0 0.18489583333333334 0.583251953125 0.2584635416666667 0.15185546875
0 0.3001302083333333 0.407958984375 0.06575520833333333 0.03759765625
0 0.17740885416666666 0.427978515625 0.06966145833333333 0.03759765625
0 0.18684895833333334 0.491455078125 0.08919270833333333 0.08203125
0 0.0634765625 0.522216796875 0.126953125 0.10400390625
2 0.9580078125 0.485595703125 0.083984375 0.30419921875
2 0.028971354166666668 0.343994140625 0.052083333333333336 0.06005859375