0 0.8444010416666666 0.6826171875 0.2578125 0.27490234375
0 0.7734375 0.59521484375 0.19270833333333334 0.10986328125
0 0.431640625 0.669921875 0.23958333333333334 0.1796875
0 0.36328125 0.53955078125 0.189453125 0.12353515625
0 0.19075520833333334 0.5341796875 0.177734375 0.06591796875
0 0.20052083333333334 0.40380859375 0.10807291666666667 0.0595703125
0 0.08268229166666667 0.53271484375 0.10481770833333333 0.08203125
0 0.19986979166666666 0.49072265625 0.14322916666666666 0.03857421875
0 0.16471354166666666 0.6650390625 0.3294270833333333 0.19482421875
2 0.3294270833333333 0.3193359375 0.021484375 0.03369140625
2 0.05859375 0.4169921875 0.11653645833333333 0.38330078125
2 0.5416666666666666 0.33740234375 0.022786458333333332 0.044921875
5 0.7565104166666666 0.29736328125 0.11653645833333333 0.05224609375
5 0.52734375 0.28955078125 0.21809895833333334 0.04833984375
5 0.23697916666666666 0.28271484375 0.2630208333333333 0.08203125