2 0.8028534370946823 0.453125 0.2594033722438392 0.3671875
2 0.44422827496757455 0.337646484375 0.20168612191958496 0.2705078125
2 0.6332684824902723 0.327392578125 0.058365758754863814 0.06494140625
2 0.7525940337224384 0.336669921875 0.02594033722438392 0.029296875
2 0.15985732814526588 0.291748046875 0.0324254215304799 0.03125
0 0.5697146562905318 0.5498046875 0.17185473411154345 0.166015625
0 0.5311284046692607 0.499267578125 0.10830090791180286 0.08935546875
0 0.5116731517509727 0.4609375 0.122568093385214 0.0703125
0 0.46303501945525294 0.54541015625 0.1245136186770428 0.14453125
0 0.3647859922178988 0.484619140625 0.18093385214007782 0.09619140625
0 0.2811284046692607 0.470458984375 0.23216601815823606 0.1728515625
0 0.29928664072632943 0.36376953125 0.07846952010376135 0.0634765625
0 0.25810635538262 0.3525390625 0.061608300907911806 0.05126953125