2 0.8715953307392996 0.326904296875 0.03372243839169909 0.04248046875
2 0.2798313878080415 0.316650390625 0.0311284046692607 0.0361328125
2 0.38878080415045396 0.31884765625 0.04215304798962387 0.06591796875
2 0.20817120622568094 0.43310546875 0.17639429312581065 0.330078125
2 0.5700389105058365 0.340576171875 0.15239948119325553 0.26318359375
0 0.7247081712062257 0.38671875 0.061608300907911806 0.048828125
0 0.7688067444876784 0.378173828125 0.05058365758754864 0.0556640625
0 0.43287937743190663 0.544677734375 0.1309987029831388 0.13134765625
0 0.45006485084306097 0.490234375 0.09208819714656291 0.06689453125
0 0.5055123216601816 0.465576171875 0.10051880674448768 0.060546875
0 0.5337224383916991 0.550048828125 0.11997405966277562 0.140625
0 0.6118677042801557 0.49658203125 0.12775616083009078 0.07275390625
0 0.7107652399481194 0.495361328125 0.17963683527885863 0.1484375