0 0.11186770428015565 0.303955078125 0.20622568093385213 0.2353515625
0 0.26588845654993515 0.40771484375 0.1543450064850843 0.25341796875
0 0.39850843060959795 0.31884765625 0.2198443579766537 0.26171875
0 0.45622568093385213 0.248046875 0.21011673151750973 0.12158203125
0 0.6138132295719845 0.31640625 0.14396887159533073 0.17529296875
0 0.8077172503242542 0.3505859375 0.3035019455252918 0.27197265625
0 0.8829442282749675 0.313232421875 0.23411154345006485 0.26611328125
0 0.8229571984435797 0.1640625 0.0654993514915694 0.05859375
0 0.9030479896238651 0.19580078125 0.06614785992217899 0.07177734375
0 0.7525940337224384 0.2490234375 0.1828793774319066 0.095703125
2 0.3975356679636835 0.053955078125 0.0648508430609598 0.10791015625
2 0.9617380025940337 0.12744140625 0.040207522697795074 0.0419921875