2 0.3919270833333333 0.04931640625 0.07486979166666667 0.08984375
2 0.06608072916666667 0.166748046875 0.13216145833333334 0.23583984375
2 0.8958333333333334 0.379638671875 0.20833333333333334 0.25439453125
0 0.7223307291666666 0.456298828125 0.18489583333333334 0.17333984375
0 0.8193359375 0.393798828125 0.185546875 0.17578125
0 0.6168619791666666 0.40087890625 0.236328125 0.1552734375
0 0.603515625 0.318359375 0.130859375 0.07763671875
0 0.4973958333333333 0.301025390625 0.107421875 0.119140625
0 0.4664713541666667 0.34375 0.13802083333333334 0.12646484375
0 0.2578125 0.270751953125 0.296875 0.16064453125
0 0.3740234375 0.341552734375 0.2591145833333333 0.16259765625