2 0.7788586251621271 0.3994140625 0.1511024643320363 0.35009765625
2 0.39364461738002593 0.3525390625 0.12321660181582361 0.255859375
2 0.5739299610894941 0.30810546875 0.040207522697795074 0.0595703125
2 0.6926070038910506 0.29541015625 0.017509727626459144 0.02685546875
2 0.10311284046692606 0.35986328125 0.023994811932555125 0.02783203125
0 0.5836575875486382 0.53564453125 0.12840466926070038 0.14697265625
0 0.5298313878080415 0.49365234375 0.08625162127107652 0.07568359375
0 0.4987029831387808 0.4599609375 0.10894941634241245 0.05224609375
0 0.4785992217898833 0.55078125 0.08430609597924774 0.13330078125
0 0.3638132295719844 0.509765625 0.16407263294422827 0.068359375
0 0.2782101167315175 0.51123046875 0.191958495460441 0.14208984375
0 0.261348897535668 0.404296875 0.062905317769131 0.0537109375
0 0.2178988326848249 0.40087890625 0.048638132295719845 0.0439453125