2 0.20881971465629054 0.421875 0.19909208819714655 0.35986328125
2 0.5852788586251622 0.344970703125 0.1582360570687419 0.26416015625
2 0.39980544747081714 0.31494140625 0.04798962386511025 0.0625
2 0.2801556420233463 0.311767578125 0.021400778210116732 0.0283203125
2 0.8751621271076524 0.329345703125 0.027885862516212712 0.02978515625
0 0.42185473411154345 0.5419921875 0.14785992217898833 0.15625
0 0.4695201037613489 0.49609375 0.0959792477302205 0.08203125
0 0.49578469520103763 0.4599609375 0.11543450064850844 0.060546875
0 0.5282101167315175 0.548828125 0.10246433203631647 0.13916015625
0 0.6368352788586251 0.4990234375 0.17250324254215305 0.0810546875
0 0.7221141374837873 0.49365234375 0.21076523994811933 0.15625
0 0.7240596627756161 0.385986328125 0.07003891050583658 0.05859375
0 0.7668612191958496 0.379150390625 0.054474708171206226 0.04736328125