0 0.5393880208333334 0.717529296875 0.3548177083333333 0.2041015625
0 0.2688802083333333 0.600830078125 0.21614583333333334 0.19921875
0 0.14518229166666666 0.78125 0.2903645833333333 0.376953125
0 0.062174479166666664 0.650146484375 0.12434895833333333 0.19580078125
0 0.032877604166666664 0.551025390625 0.06575520833333333 0.12841796875
0 0.6731770833333334 0.5849609375 0.228515625 0.18994140625
0 0.6494140625 0.558837890625 0.10872395833333333 0.07861328125
0 0.787109375 0.6142578125 0.16861979166666666 0.12939453125
0 0.8509114583333334 0.688720703125 0.275390625 0.27197265625
0 0.9534505208333334 0.521484375 0.09309895833333333 0.056640625
2 0.7809244791666666 0.396240234375 0.0390625 0.04052734375
2 0.4638671875 0.3662109375 0.037760416666666664 0.05615234375
5 0.8697916666666666 0.373291015625 0.2604166666666667 0.13427734375
5 0.5983072916666666 0.317626953125 0.248046875 0.09716796875
5 0.3623046875 0.29345703125 0.13606770833333334 0.06640625
5 0.10970052083333333 0.2451171875 0.12890625 0.08837890625