0 0.3385416666666667 0.6904296875 0.40234375 0.20556640625
0 0.10611979166666667 0.62451171875 0.21223958333333334 0.23046875
0 0.5979817708333334 0.663330078125 0.15494791666666666 0.21044921875
0 0.7600911458333334 0.638671875 0.19140625 0.11181640625
0 0.7164713541666666 0.792236328125 0.24283854166666666 0.30224609375
0 0.82421875 0.7470703125 0.142578125 0.14453125
0 0.2903645833333333 0.581298828125 0.20833333333333334 0.1376953125
2 0.6070963541666666 0.39501953125 0.047526041666666664 0.08251953125
2 0.2197265625 0.341552734375 0.049479166666666664 0.0537109375
0 0.14322916666666666 0.52294921875 0.140625 0.080078125
0 0.033203125 0.415771484375 0.050130208333333336 0.04052734375
5 0.9453125 0.365234375 0.109375 0.0966796875
5 0.6953125 0.3486328125 0.119140625 0.06689453125
5 0.4622395833333333 0.310546875 0.228515625 0.0966796875
5 0.17643229166666666 0.29345703125 0.291015625 0.1259765625