2 0.11673151750972763 0.341796875 0.0311284046692607 0.04150390625
2 0.7068741893644618 0.308349609375 0.029182879377431907 0.03564453125
2 0.5985732814526589 0.314697265625 0.03826199740596628 0.06494140625
2 0.7869649805447471 0.421630859375 0.1543450064850843 0.32666015625
2 0.41893644617380027 0.343505859375 0.13553826199740596 0.26025390625
0 0.26783398184176394 0.395751953125 0.05901426718547341 0.046875
0 0.2230869001297017 0.388916015625 0.04669260700389105 0.05419921875
0 0.5703631647211413 0.5419921875 0.12321660181582361 0.12744140625
0 0.5492866407263295 0.48828125 0.08819714656290532 0.06396484375
0 0.49221789883268485 0.4658203125 0.09727626459143969 0.05712890625
0 0.4698443579766537 0.55126953125 0.11154345006485085 0.13720703125
0 0.38813229571984437 0.5009765625 0.12386511024643321 0.068359375
0 0.28891050583657585 0.503662109375 0.17120622568093385 0.142578125