2 0.9215494791666666 0.454833984375 0.15690104166666666 0.32568359375
2 0.08626302083333333 0.427978515625 0.17252604166666666 0.34814453125
0 0.1845703125 0.43798828125 0.20052083333333334 0.150390625
0 0.7467447916666666 0.423828125 0.06966145833333333 0.048828125
0 0.4775390625 0.4912109375 0.12109375 0.140625
0 0.3603515625 0.554443359375 0.20638020833333334 0.212890625
0 0.4680989583333333 0.64404296875 0.23958333333333334 0.263671875
0 0.6884765625 0.554443359375 0.23372395833333334 0.1396484375
0 0.6461588541666666 0.46435546875 0.06575520833333333 0.06396484375
0 0.8759765625 0.5556640625 0.22330729166666666 0.16455078125
0 0.7584635416666666 0.474853515625 0.18294270833333334 0.11474609375