0 0.9118028534370947 0.3369140625 0.17639429312581065 0.2275390625
0 0.7619974059662775 0.427734375 0.12321660181582361 0.23974609375
0 0.6219195849546044 0.32666015625 0.188715953307393 0.24365234375
0 0.5680933852140078 0.2578125 0.17898832684824903 0.09912109375
0 0.4182879377431907 0.30810546875 0.1297016861219196 0.16015625
0 0.21595330739299612 0.33837890625 0.26523994811932555 0.26708984375
0 0.1309987029831388 0.27734375 0.245136186770428 0.23388671875
0 0.13488975356679636 0.16748046875 0.0648508430609598 0.0625
0 0.21660181582360571 0.15380859375 0.07133592736705577 0.06982421875
2 0.6491569390402075 0.0576171875 0.0648508430609598 0.11474609375
2 0.07782101167315175 0.09423828125 0.02594033722438392 0.03662109375