0 0.5664721141374838 0.5517578125 0.16926070038910507 0.154296875
0 0.4974059662775616 0.46533203125 0.09533073929961089 0.08251953125
0 0.5489623865110247 0.4951171875 0.08754863813229571 0.07421875
0 0.29863813229571984 0.3671875 0.07392996108949416 0.0634765625
0 0.25518806744487676 0.35498046875 0.055771725032425425 0.05810546875
0 0.4594682230869001 0.539306640625 0.1264591439688716 0.15087890625
0 0.3787289234760052 0.490234375 0.14267185473411154 0.0927734375
0 0.27367055771725035 0.470703125 0.22243839169909208 0.15869140625
2 0.16374837872892348 0.2939453125 0.04928664072632944 0.04248046875
2 0.6326199740596627 0.3251953125 0.062905317769131 0.06494140625
2 0.7477302204928664 0.335205078125 0.029831387808041506 0.033203125
2 0.8012321660181583 0.46044921875 0.23735408560311283 0.34326171875
2 0.4494163424124514 0.337646484375 0.2140077821011673 0.27197265625