2 0.9095052083333334 0.446044921875 0.18098958333333334 0.31787109375
2 0.10221354166666667 0.410888671875 0.20442708333333334 0.39892578125
2 0.6090494791666666 0.350830078125 0.041666666666666664 0.0419921875
2 0.3056640625 0.30810546875 0.057942708333333336 0.076171875
0 0.7369791666666666 0.4150390625 0.08658854166666667 0.05859375
0 0.3697916666666667 0.56201171875 0.23111979166666666 0.185546875
0 0.6722005208333334 0.560302734375 0.2565104166666667 0.1357421875
0 0.8590494791666666 0.54541015625 0.20703125 0.154296875
0 0.748046875 0.471435546875 0.13997395833333334 0.10986328125
0 0.65234375 0.472412109375 0.11197916666666667 0.06103515625
0 0.5791015625 0.47314453125 0.10677083333333333 0.0703125
0 0.48828125 0.470947265625 0.13216145833333334 0.07958984375
0 0.466796875 0.55078125 0.23697916666666666 0.19384765625
0 0.3626302083333333 0.468994140625 0.16666666666666666 0.10107421875