2 0.13942931258106356 0.38671875 0.020752269779507133 0.0302734375
2 0.12062256809338522 0.38720703125 0.019455252918287938 0.0341796875
2 0.5272373540856031 0.35595703125 0.029182879377431907 0.03271484375
2 0.48184176394293127 0.34912109375 0.019455252918287938 0.01953125
2 0.4604409857328145 0.34814453125 0.01297016861219196 0.01953125
5 0.8132295719844358 0.28125 0.18028534370946822 0.0869140625
5 0.9254215304798963 0.24951171875 0.14850843060959792 0.10888671875
5 0.6679636835278858 0.31005859375 0.08625162127107652 0.04150390625
5 0.5116731517509727 0.31103515625 0.1511024643320363 0.05126953125
5 0.2931258106355383 0.326171875 0.2178988326848249 0.09521484375
4 0.02204928664072633 0.52978515625 0.04345006485084306 0.025390625