5 0.31787109375 0.20752269779507135 0.12841796875 0.10570687418936446
5 0.4736328125 0.19455252918287938 0.0869140625 0.062905317769131
5 0.58984375 0.185473411154345 0.0546875 0.05188067444876784
5 0.705078125 0.16666666666666666 0.091796875 0.12840466926070038
5 0.81103515625 0.1245136186770428 0.11474609375 0.17380025940337224
2 0.853515625 0.31971465629053175 0.0546875 0.19974059662775617
2 0.560546875 0.2607003891050584 0.025390625 0.08754863813229571
2 0.451171875 0.24319066147859922 0.0146484375 0.04669260700389105
2 0.4375 0.23540856031128404 0.0146484375 0.03372243839169909
2 0.41748046875 0.2801556420233463 0.0205078125 0.07782101167315175
2 0.396484375 0.24189364461738003 0.0107421875 0.04669260700389105
2 0.208984375 0.29571984435797666 0.025390625 0.05642023346303502
2 0.18310546875 0.2924773022049287 0.0205078125 0.04993514915693904
4 0.26904296875 0.5168612191958496 0.0546875 0.04345006485084306
5 0.93701171875 0.1504539559014267 0.1259765625 0.04993514915693904