5 0.809326171875 0.13261997405966278 0.158203125 0.07328145265888457
5 0.65087890625 0.12386511024643321 0.1162109375 0.1562905317769131
5 0.5458984375 0.14364461738002593 0.09619140625 0.13618677042801555
5 0.44677734375 0.1832036316472114 0.05078125 0.04798962386511025
5 0.326171875 0.191958495460441 0.12109375 0.06679636835278858
5 0.159912109375 0.20428015564202334 0.16455078125 0.11413748378728923
2 0.5771484375 0.2895590142671855 0.048828125 0.14461738002594035
2 0.40869140625 0.2584306095979248 0.02978515625 0.07263294422827497
2 0.30615234375 0.24610894941634243 0.0166015625 0.03631647211413749
2 0.28515625 0.29961089494163423 0.03173828125 0.10181582360570687
2 0.25341796875 0.25 0.0166015625 0.04409857328145266
2 0.03955078125 0.30836575875486383 0.02685546875 0.054474708171206226
4 0.12158203125 0.5479896238651103 0.0556640625 0.04798962386511025