2 0.376708984375 0.32879377431906615 0.076171875 0.1582360570687419
2 0.537353515625 0.23249027237354086 0.03466796875 0.07328145265888457
2 0.6357421875 0.1825551232166018 0.01953125 0.040207522697795074
2 0.66455078125 0.23151750972762647 0.0517578125 0.11024643320363164
2 0.685546875 0.16926070038910507 0.02099609375 0.04085603112840467
2 0.904052734375 0.14818417639429313 0.02978515625 0.05252918287937743
4 0.87890625 0.4085603112840467 0.0751953125 0.07328145265888457
5 0.779296875 0.09727626459143969 0.1865234375 0.16407263294422827
5 0.600341796875 0.14137483787289234 0.119140625 0.09533073929961089
5 0.486572265625 0.17963683527885863 0.05810546875 0.061608300907911806
5 0.371826171875 0.18417639429312582 0.12451171875 0.14591439688715954
5 0.268310546875 0.19909208819714655 0.12646484375 0.16861219195849547
5 0.12841796875 0.25810635538262 0.17724609375 0.11284046692607004