5 0.66259765625 0.17736705577172504 0.1474609375 0.11284046692607004
5 0.51171875 0.188715953307393 0.10693359375 0.08819714656290532
5 0.394775390625 0.20168612191958496 0.0546875 0.05252918287937743
5 0.269287109375 0.17088197146562906 0.11767578125 0.14915693904020752
5 0.157958984375 0.1857976653696498 0.1484375 0.1874189364461738
2 0.149169921875 0.36770428015564205 0.068359375 0.1932555123216602
2 0.420166015625 0.2788586251621271 0.03125 0.07911802853437094
2 0.53125 0.24254215304798962 0.01806640625 0.04539559014267185
2 0.543212890625 0.23249027237354086 0.01318359375 0.04474708171206226
2 0.58203125 0.22762645914396887 0.0224609375 0.03826199740596628
2 0.565185546875 0.27367055771725035 0.033203125 0.07263294422827497
2 0.7783203125 0.25583657587548636 0.01953125 0.05512321660181582
2 0.79833984375 0.248378728923476 0.01708984375 0.03437094682230869
4 0.7314453125 0.48411154345006485 0.05126953125 0.04215304798962387
5 0.04443359375 0.2133592736705577 0.0888671875 0.07392996108949416