2 0.11511024643320363 0.40380859375 0.017509727626459144 0.02783203125
2 0.13197146562905318 0.402587890625 0.02529182879377432 0.0234375
2 0.5012970168612192 0.354248046875 0.027885862516212712 0.0341796875
2 0.4682230869001297 0.349609375 0.021400778210116732 0.03271484375
2 0.44520103761348895 0.3466796875 0.016861219195849545 0.0263671875
5 0.9033722438391699 0.222900390625 0.14202334630350194 0.09521484375
5 0.8090142671854734 0.306640625 0.19584954604409857 0.19287109375
5 0.6352140077821011 0.2900390625 0.0654993514915694 0.0390625
5 0.4876783398184176 0.31005859375 0.1303501945525292 0.044921875
5 0.29863813229571984 0.33544921875 0.16277561608300908 0.08935546875
4 0.0324254215304799 0.555419921875 0.058365758754863814 0.03515625