2 0.11284046692607004 0.423828125 0.04345006485084306 0.07080078125
2 0.26588845654993515 0.41748046875 0.020752269779507133 0.03759765625
2 0.2924773022049287 0.41796875 0.0304798962386511 0.0537109375
2 0.3229571984435798 0.41748046875 0.0304798962386511 0.06982421875
2 0.35019455252918286 0.40576171875 0.01621271076523995 0.03662109375
2 0.3664072632944228 0.40234375 0.019455252918287938 0.02783203125
2 0.4701686121919585 0.41015625 0.029182879377431907 0.0498046875
2 0.6575875486381323 0.41748046875 0.029182879377431907 0.05224609375
5 0.8540856031128404 0.32275390625 0.2918287937743191 0.13330078125
5 0.85473411154345 0.42138671875 0.1556420233463035 0.08544921875
5 0.1880674448767834 0.31787109375 0.36251621271076523 0.24853515625