5 0.807373046875 0.11932555123216602 0.2021484375 0.1575875486381323
5 0.62158203125 0.14883268482490272 0.115234375 0.07976653696498054
5 0.505615234375 0.17996108949416342 0.05126953125 0.04734111543450065
5 0.39501953125 0.17217898832684825 0.1181640625 0.1264591439688716
5 0.281005859375 0.17607003891050585 0.13525390625 0.16472114137483787
5 0.13916015625 0.23151750972762647 0.1728515625 0.09727626459143969
2 0.40673828125 0.30577172503242545 0.05859375 0.14267185473411154
2 0.5537109375 0.23573281452658884 0.03173828125 0.07263294422827497
2 0.654052734375 0.19714656290531776 0.01953125 0.041504539559014265
2 0.68212890625 0.24675745784695202 0.04052734375 0.10440985732814527
2 0.704833984375 0.1867704280155642 0.02197265625 0.04345006485084306
2 0.9248046875 0.1857976653696498 0.02783203125 0.051232166018158234
4 0.875244140625 0.440337224383917 0.07421875 0.06809338521400778