5 0.336181640625 0.10667963683527885 0.1279296875 0.19714656290531776
5 0.2255859375 0.0933852140077821 0.1181640625 0.1867704280155642
5 0.705810546875 0.23184176394293127 0.15625 0.12710765239948119
5 0.558837890625 0.1835278858625162 0.1025390625 0.10116731517509728
5 0.435546875 0.17574578469520102 0.046875 0.058365758754863814
2 0.140380859375 0.2603761348897536 0.07666015625 0.20946822308690013
2 0.458251953125 0.25 0.03759765625 0.08884565499351492
2 0.6025390625 0.2898832684824903 0.0283203125 0.09014267185473411
2 0.572265625 0.251621271076524 0.01416015625 0.04798962386511025
2 0.625 0.25583657587548636 0.02294921875 0.041504539559014265
2 0.810302734375 0.33625162127107655 0.01806640625 0.04215304798962387
2 0.83203125 0.3404669260700389 0.017578125 0.03437094682230869
2 0.583740234375 0.2444876783398184 0.01220703125 0.04345006485084306
4 0.725341796875 0.5473411154345007 0.0546875 0.04798962386511025
5 0.0986328125 0.07457846952010376 0.12939453125 0.07652399481193256