2 0.8212890625 0.3132295719844358 0.05126953125 0.1835278858625162
2 0.55615234375 0.2619974059662776 0.01953125 0.07782101167315175
2 0.44873046875 0.2509727626459144 0.0146484375 0.04539559014267185
2 0.43603515625 0.24319066147859922 0.009765625 0.03372243839169909
2 0.4189453125 0.2931258106355383 0.01953125 0.09727626459143969
2 0.39501953125 0.24189364461738003 0.01318359375 0.03372243839169909
2 0.2021484375 0.29961089494163423 0.01953125 0.04215304798962387
2 0.1826171875 0.29766536964980544 0.01708984375 0.02594033722438392
5 0.8076171875 0.1264591439688716 0.10986328125 0.14785992217898833
5 0.69873046875 0.15953307392996108 0.10498046875 0.13294422827496757
5 0.5859375 0.1926070038910506 0.0341796875 0.05317769130998703
5 0.47265625 0.19130998702983137 0.08447265625 0.06614785992217899
5 0.30322265625 0.2133592736705577 0.15771484375 0.11024643320363164
4 0.2666015625 0.5214007782101168 0.04736328125 0.04345006485084306
5 0.93310546875 0.14915693904020752 0.13330078125 0.05642023346303502