5 0.1828793774319066 0.32470703125 0.3657587548638132 0.2470703125
5 0.8501945525291829 0.3291015625 0.29961089494163423 0.1357421875
5 0.8527885862516212 0.41748046875 0.1297016861219196 0.06982421875
2 0.6666666666666666 0.4208984375 0.03696498054474708 0.0595703125
2 0.4701686121919585 0.41162109375 0.0324254215304799 0.0439453125
2 0.29766536964980544 0.42138671875 0.02594033722438392 0.06103515625
2 0.32555123216601817 0.4208984375 0.022697795071335927 0.0625
2 0.2704280155642023 0.4208984375 0.019455252918287938 0.04248046875
2 0.3540856031128405 0.40869140625 0.014267185473411154 0.03271484375
2 0.3715953307392996 0.4091796875 0.014267185473411154 0.03662109375
2 0.12386511024643321 0.43310546875 0.035667963683527884 0.07958984375