2 0.5888671875 0.29442282749675747 0.0400390625 0.13942931258106356
2 0.41552734375 0.25810635538262 0.02197265625 0.06939040207522698
2 0.31201171875 0.24189364461738003 0.01318359375 0.040207522697795074
2 0.291015625 0.2898832684824903 0.02783203125 0.10051880674448768
2 0.26123046875 0.24059662775616084 0.01953125 0.04539559014267185
4 0.12109375 0.5278858625162127 0.0537109375 0.040207522697795074
2 0.04541015625 0.2924773022049287 0.01708984375 0.04993514915693904
5 0.560546875 0.1543450064850843 0.0869140625 0.11348897535667964
5 0.65478515625 0.13359273670557717 0.111328125 0.13942931258106356
5 0.45361328125 0.1861219195849546 0.048828125 0.04345006485084306
5 0.341796875 0.1861219195849546 0.10498046875 0.06939040207522698
5 0.15185546875 0.20168612191958496 0.18603515625 0.11997405966277562
5 0.8095703125 0.14915693904020752 0.1845703125 0.05317769130998703