4 0.115234375 0.5265888456549935 0.05615234375 0.04345006485084306
2 0.29248046875 0.2924773022049287 0.03515625 0.10570687418936446
2 0.57421875 0.2924773022049287 0.04248046875 0.13164721141374838
2 0.41162109375 0.25486381322957197 0.02197265625 0.08300907911802853
2 0.25927734375 0.23605706874189364 0.0205078125 0.048638132295719845
2 0.3076171875 0.23605706874189364 0.01953125 0.04539559014267185
2 0.044921875 0.29571984435797666 0.0205078125 0.05966277561608301
5 0.81201171875 0.14656290531776914 0.17724609375 0.061608300907911806
5 0.66259765625 0.1251621271076524 0.1162109375 0.1621271076523995
5 0.552734375 0.14267185473411154 0.10009765625 0.13488975356679636
5 0.45458984375 0.17963683527885863 0.05615234375 0.04993514915693904
5 0.32958984375 0.17509727626459143 0.1171875 0.07587548638132295
5 0.14453125 0.1926070038910506 0.19580078125 0.11867704280155641