2 0.8745136186770428 0.393798828125 0.05317769130998703 0.07373046875
2 0.7214656290531777 0.3994140625 0.02594033722438392 0.0390625
2 0.6948767833981842 0.402099609375 0.03761348897535668 0.0556640625
2 0.6647211413748378 0.404052734375 0.040207522697795074 0.07177734375
2 0.6358625162127107 0.39453125 0.021400778210116732 0.03759765625
2 0.619325551232166 0.392333984375 0.023346303501945526 0.029296875
2 0.5171854734111544 0.408203125 0.035667963683527884 0.0517578125
2 0.3317120622568093 0.430419921875 0.03631647211413749 0.05419921875
5 0.13878080415045396 0.351318359375 0.2775616083009079 0.15576171875
5 0.13618677042801555 0.44970703125 0.16666666666666666 0.09716796875
5 0.7850194552529183 0.29443359375 0.3949416342412451 0.27587890625