2 0.26171875 0.24254215304798962 0.01806640625 0.038910505836575876
2 0.29248046875 0.2905317769130999 0.025390625 0.0959792477302205
2 0.31494140625 0.23994811932555124 0.01708984375 0.03372243839169909
2 0.41748046875 0.26264591439688717 0.0205078125 0.07263294422827497
2 0.591796875 0.29636835278858625 0.04150390625 0.14267185473411154
2 0.05126953125 0.2911802853437095 0.01953125 0.058365758754863814
5 0.669921875 0.14980544747081712 0.10400390625 0.15239948119325553
5 0.8173828125 0.14396887159533073 0.17138671875 0.05966277561608301
5 0.56982421875 0.1504539559014267 0.10498046875 0.11867704280155641
5 0.45654296875 0.182230869001297 0.044921875 0.05512321660181582
5 0.33935546875 0.17574578469520102 0.10986328125 0.07457846952010376
5 0.16015625 0.20168612191958496 0.17236328125 0.11997405966277562
4 0.12451171875 0.5246433203631647 0.05224609375 0.040207522697795074