2 0.2265625 0.3138780804150454 0.02392578125 0.042801556420233464
2 0.26416015625 0.3524643320363165 0.0400390625 0.10116731517509728
2 0.2783203125 0.29669260700389105 0.02197265625 0.03761348897535668
2 0.382080078125 0.2905317769130999 0.03125 0.07652399481193256
2 0.557861328125 0.27561608300907914 0.06298828125 0.1511024643320363
2 0.0283203125 0.41958495460440987 0.0283203125 0.0622568093385214
5 0.611328125 0.11057068741893644 0.12548828125 0.17769130998702984
5 0.754638671875 0.06420233463035019 0.1767578125 0.10570687418936446
5 0.513671875 0.13878080415045396 0.12109375 0.14526588845654995
5 0.40771484375 0.20103761348897536 0.052734375 0.06614785992217899
5 0.2919921875 0.22730220492866407 0.119140625 0.10311284046692606
5 0.120849609375 0.3022049286640726 0.1875 0.16472114137483787
4 0.136474609375 0.6277561608300908 0.0576171875 0.05382619974059663