2 0.14656290531776914 0.38134765625 0.01621271076523995 0.0439453125
2 0.1309987029831388 0.3837890625 0.014267185473411154 0.0341796875
2 0.5291828793774319 0.35302734375 0.022697795071335927 0.0341796875
2 0.4896238651102464 0.34814453125 0.01621271076523995 0.0244140625
2 0.46368352788586253 0.34521484375 0.019455252918287938 0.025390625
5 0.9364461738002594 0.25732421875 0.12710765239948119 0.0830078125
5 0.8281452658884566 0.33837890625 0.185473411154345 0.1787109375
5 0.666018158236057 0.31494140625 0.061608300907911806 0.05126953125
5 0.5136186770428015 0.3154296875 0.13164721141374838 0.044921875
5 0.3086900129701686 0.3251953125 0.20298313878080415 0.08447265625
4 0.02529182879377432 0.52734375 0.04993514915693904 0.02294921875