2 0.38818359375 0.29701686121919585 0.03515625 0.08560311284046693
2 0.413818359375 0.25713359273670555 0.02294921875 0.04409857328145266
2 0.3994140625 0.25583657587548636 0.01611328125 0.04539559014267185
2 0.52880859375 0.2493514915693904 0.041015625 0.08560311284046693
2 0.834228515625 0.2247081712062257 0.09228515625 0.20687418936446172
2 0.36279296875 0.2694552529182879 0.0244140625 0.03826199740596628
2 0.18115234375 0.37970168612191957 0.025390625 0.058365758754863814
2 0.160888671875 0.374189364461738 0.02587890625 0.04085603112840467
5 0.2626953125 0.26459143968871596 0.173828125 0.1511024643320363
5 0.426513671875 0.20590142671854733 0.095703125 0.08430609597924774
5 0.53759765625 0.1611543450064851 0.0712890625 0.08041504539559015
5 0.63720703125 0.10927367055771725 0.12890625 0.14137483787289234
5 0.753662109375 0.06971465629053178 0.14501953125 0.13942931258106356
4 0.27294921875 0.5719844357976653 0.0615234375 0.05058365758754864
5 0.88037109375 0.037937743190661476 0.11572265625 0.07198443579766536