5 0.15185546875 0.20233463035019456 0.19091796875 0.11867704280155641
5 0.341796875 0.1893644617380026 0.107421875 0.05642023346303502
5 0.458984375 0.19390402075226978 0.0546875 0.05188067444876784
5 0.56396484375 0.14785992217898833 0.10009765625 0.11024643320363164
5 0.66552734375 0.1297016861219196 0.1025390625 0.14137483787289234
5 0.826171875 0.1511024643320363 0.173828125 0.05512321660181582
2 0.58935546875 0.2911802853437095 0.03173828125 0.14591439688715954
2 0.41796875 0.25810635538262 0.01708984375 0.06939040207522698
2 0.31396484375 0.24189364461738003 0.0146484375 0.03696498054474708
2 0.263671875 0.23735408560311283 0.0146484375 0.04215304798962387
2 0.29052734375 0.28728923476005186 0.02197265625 0.08949416342412451
2 0.05078125 0.29571984435797666 0.01806640625 0.05317769130998703
4 0.1220703125 0.5278858625162127 0.05712890625 0.04669260700389105