4 0.880859375 0.5084306095979247 0.06640625 0.05512321660181582
2 0.420166015625 0.2908560311284047 0.04833984375 0.13683527885862518
2 0.580810546875 0.24773022049286642 0.03466796875 0.08041504539559015
2 0.681884765625 0.22535667963683528 0.0234375 0.05317769130998703
2 0.706787109375 0.2827496757457847 0.033203125 0.11348897535667964
2 0.733642578125 0.22827496757457846 0.021484375 0.046044098573281456
2 0.953125 0.26686121919584954 0.029296875 0.05966277561608301
5 0.1904296875 0.1569390402075227 0.17529296875 0.07392996108949416
5 0.332763671875 0.14169909208819714 0.10791015625 0.1621271076523995
5 0.43994140625 0.14915693904020752 0.1025390625 0.1309987029831388
5 0.5380859375 0.185473411154345 0.0576171875 0.051232166018158234
5 0.650390625 0.17833981841763943 0.125 0.05771725032425422
5 0.84326171875 0.17509727626459143 0.19140625 0.12710765239948119