2 0.19775390625 0.26394293125810636 0.01806640625 0.02529182879377432
2 0.2177734375 0.2730220492866407 0.0224609375 0.04409857328145266
2 0.430419921875 0.2795071335927367 0.02099609375 0.07587548638132295
2 0.568603515625 0.26848249027237353 0.03369140625 0.08560311284046693
2 0.851806640625 0.3518158236057069 0.0732421875 0.19844357976653695
2 0.465087890625 0.23540856031128404 0.01416015625 0.03696498054474708
2 0.45361328125 0.22924773022049286 0.0126953125 0.042801556420233464
2 0.41015625 0.22503242542153049 0.01611328125 0.027237354085603113
5 0.828369140625 0.17542153047989623 0.1279296875 0.14915693904020752
5 0.718505859375 0.17963683527885863 0.1064453125 0.13424124513618677
5 0.602294921875 0.20460440985732814 0.06494140625 0.055771725032425425
5 0.494384765625 0.1893644617380026 0.0859375 0.06614785992217899
5 0.32666015625 0.185473411154345 0.15087890625 0.1251621271076524
4 0.26416015625 0.4964332036316472 0.0556640625 0.04539559014267185
5 0.94677734375 0.193579766536965 0.1064453125 0.06420233463035019