5 0.66552734375 0.13294422827496757 0.107421875 0.13488975356679636
5 0.560546875 0.14980544747081712 0.0966796875 0.11673151750972763
5 0.466796875 0.18093385214007782 0.0634765625 0.048638132295719845
5 0.34326171875 0.19066147859922178 0.10498046875 0.05188067444876784
5 0.1591796875 0.20103761348897536 0.1787109375 0.11219195849546044
2 0.05224609375 0.29571984435797666 0.01806640625 0.05642023346303502
2 0.29296875 0.2924773022049287 0.0244140625 0.0927367055771725
2 0.31787109375 0.24059662775616084 0.02294921875 0.04215304798962387
2 0.419921875 0.25745784695201035 0.0205078125 0.07457846952010376
2 0.5966796875 0.2931258106355383 0.03662109375 0.13618677042801555
2 0.26611328125 0.24059662775616084 0.01708984375 0.038910505836575876
5 0.82861328125 0.14656290531776914 0.16162109375 0.05512321660181582
4 0.12548828125 0.5298313878080415 0.05224609375 0.03696498054474708