5 0.25680933852140075 0.3623046875 0.22114137483787288 0.115234375
5 0.45428015564202334 0.31396484375 0.1309987029831388 0.0654296875
5 0.6027885862516212 0.2841796875 0.07522697795071336 0.04541015625
5 0.7415693904020753 0.237548828125 0.17769130998702984 0.10205078125
5 0.8573281452658884 0.1982421875 0.14591439688715954 0.10791015625
2 0.11964980544747082 0.44921875 0.029831387808041506 0.0390625
2 0.10732814526588845 0.4541015625 0.02464332036316472 0.0380859375
2 0.48476005188067445 0.352294921875 0.0324254215304799 0.0380859375
2 0.44325551232166016 0.35595703125 0.029831387808041506 0.03515625
2 0.4166666666666667 0.356689453125 0.022697795071335927 0.0205078125
4 0.04993514915693904 0.6083984375 0.06420233463035019 0.03369140625