5 0.7940985732814526 0.292236328125 0.38975356679636836 0.26708984375
5 0.14105058365758755 0.343994140625 0.2821011673151751 0.14111328125
5 0.14105058365758755 0.435302734375 0.13813229571984437 0.08251953125
2 0.8767833981841764 0.40625 0.055771725032425425 0.078125
2 0.6987678339818417 0.40576171875 0.041504539559014265 0.06298828125
2 0.6624513618677043 0.4072265625 0.03955901426718547 0.06884765625
2 0.6384565499351491 0.394775390625 0.020752269779507133 0.03369140625
2 0.6167315175097277 0.3984375 0.01880674448767834 0.03125
2 0.7204928664072633 0.40380859375 0.020752269779507133 0.03515625
2 0.5165369649805448 0.41162109375 0.03955901426718547 0.046875
2 0.3424124513618677 0.426025390625 0.03955901426718547 0.06494140625