5 0.81884765625 0.14721141374837873 0.15673828125 0.06614785992217899
5 0.66064453125 0.1309987029831388 0.1123046875 0.1511024643320363
5 0.55517578125 0.14591439688715954 0.0927734375 0.13164721141374838
5 0.455078125 0.18093385214007782 0.0498046875 0.04539559014267185
5 0.33447265625 0.18417639429312582 0.11962890625 0.061608300907911806
5 0.16796875 0.188715953307393 0.16162109375 0.10700389105058365
2 0.58251953125 0.2931258106355383 0.044921875 0.14267185473411154
2 0.4150390625 0.25421530479896237 0.02783203125 0.07133592736705577
2 0.31298828125 0.23735408560311283 0.015625 0.035667963683527884
2 0.29052734375 0.2898832684824903 0.029296875 0.10051880674448768
2 0.26025390625 0.23865110246433205 0.015625 0.04345006485084306
2 0.044921875 0.28728923476005186 0.025390625 0.05317769130998703
4 0.12060546875 0.5304798962386511 0.0546875 0.04539559014267185