4 0.8828125 0.5113488975356679 0.0595703125 0.03826199740596628
2 0.703369140625 0.2811284046692607 0.025390625 0.10376134889753567
2 0.733642578125 0.22503242542153049 0.01904296875 0.042801556420233464
2 0.685302734375 0.22795071335927367 0.01611328125 0.05058365758754864
2 0.58447265625 0.2519455252918288 0.02880859375 0.07717250324254216
2 0.419921875 0.29604409857328146 0.04736328125 0.13683527885862518
2 0.951904296875 0.2714007782101167 0.0244140625 0.0609597924773022
5 0.183837890625 0.16828793774319067 0.1787109375 0.06809338521400778
5 0.326416015625 0.14526588845654995 0.10888671875 0.1621271076523995
5 0.430419921875 0.15337224383916992 0.107421875 0.13294422827496757
5 0.5322265625 0.18060959792477302 0.06494140625 0.051232166018158234
5 0.662841796875 0.16796368352788585 0.11669921875 0.07976653696498054
5 0.83740234375 0.17607003891050585 0.18359375 0.10570687418936446