5 0.3236057068741894 0.31982421875 0.1621271076523995 0.0732421875
5 0.5038910505836576 0.30859375 0.1608300907911803 0.04638671875
5 0.6614785992217899 0.30712890625 0.062905317769131 0.0205078125
5 0.8119325551232166 0.3271484375 0.16926070038910507 0.154296875
5 0.9442282749675746 0.2666015625 0.11089494163424124 0.07958984375
2 0.5259403372243839 0.35009765625 0.035667963683527884 0.03515625
2 0.4889753566796368 0.34228515625 0.023994811932555125 0.02783203125
2 0.4604409857328145 0.33935546875 0.01621271076523995 0.02197265625
2 0.14656290531776914 0.37744140625 0.022697795071335927 0.03173828125
2 0.122568093385214 0.376953125 0.027237354085603113 0.03759765625
4 0.02464332036316472 0.52490234375 0.048638132295719845 0.02783203125