5 0.31298828125 0.20168612191958496 0.140625 0.0940337224383917
5 0.4638671875 0.191958495460441 0.1015625 0.07457846952010376
5 0.5810546875 0.188715953307393 0.05126953125 0.04539559014267185
5 0.70361328125 0.14072632944228275 0.107421875 0.13488975356679636
5 0.8154296875 0.14007782101167315 0.1357421875 0.16926070038910507
2 0.83837890625 0.31971465629053175 0.0537109375 0.1867704280155642
2 0.56201171875 0.2691309987029831 0.025390625 0.07587548638132295
2 0.44873046875 0.248378728923476 0.0146484375 0.04345006485084306
2 0.43603515625 0.23994811932555124 0.009765625 0.04345006485084306
2 0.39697265625 0.24059662775616084 0.01953125 0.035667963683527884
2 0.41748046875 0.2840466926070039 0.02783203125 0.06939040207522698
2 0.2041015625 0.29571984435797666 0.015625 0.05317769130998703
2 0.18359375 0.2911802853437095 0.0146484375 0.0324254215304799
4 0.2685546875 0.51621271076524 0.048828125 0.035667963683527884
5 0.94384765625 0.14980544747081712 0.1123046875 0.058365758754863814