2 0.15673828125 0.28761348897535666 0.064453125 0.19520103761348898
2 0.452880859375 0.25486381322957197 0.03271484375 0.07587548638132295
2 0.5673828125 0.24351491569390402 0.01806640625 0.051232166018158234
2 0.5771484375 0.2441634241245136 0.0146484375 0.040207522697795074
2 0.59814453125 0.28891050583657585 0.03125 0.09014267185473411
2 0.61865234375 0.2448119325551232 0.02294921875 0.05188067444876784
2 0.810302734375 0.32782101167315175 0.02294921875 0.05512321660181582
2 0.8271484375 0.32587548638132297 0.017578125 0.029182879377431907
5 0.217041015625 0.09208819714656291 0.13671875 0.1621271076523995
5 0.328857421875 0.13845654993514916 0.1005859375 0.14656290531776914
5 0.431884765625 0.17185473411154345 0.044921875 0.05642023346303502
5 0.54248046875 0.191958495460441 0.1005859375 0.06420233463035019
5 0.712890625 0.22924773022049286 0.1689453125 0.12386511024643321
4 0.730712890625 0.538586251621271 0.0595703125 0.04993514915693904
5 0.08447265625 0.10343709468223086 0.12255859375 0.0622568093385214