5 0.620361328125 0.10311284046692606 0.1220703125 0.1556420233463035
5 0.5185546875 0.14169909208819714 0.109375 0.13553826199740596
5 0.4296875 0.1916342412451362 0.068359375 0.0609597924773022
5 0.308837890625 0.22697795071335927 0.10986328125 0.07328145265888457
5 0.128173828125 0.27561608300907914 0.18994140625 0.14785992217898833
2 0.03369140625 0.39137483787289234 0.0244140625 0.05966277561608301
2 0.27099609375 0.33819714656290534 0.03515625 0.0966277561608301
2 0.28955078125 0.2817769130998703 0.02783203125 0.04669260700389105
2 0.392333984375 0.2772373540856031 0.02880859375 0.07782101167315175
2 0.571044921875 0.27561608300907914 0.05224609375 0.14202334630350194
2 0.238525390625 0.2924773022049287 0.021484375 0.04215304798962387
5 0.782958984375 0.08268482490272373 0.166015625 0.08819714656290532
4 0.133544921875 0.6073281452658884 0.05615234375 0.04734111543450065