2 0.09987029831387809 0.4501953125 0.022697795071335927 0.02880859375
2 0.11640726329442283 0.447265625 0.029182879377431907 0.025390625
2 0.4711413748378729 0.35595703125 0.03372243839169909 0.0361328125
2 0.4374189364461738 0.355224609375 0.027237354085603113 0.0341796875
2 0.4140726329442283 0.355224609375 0.02204928664072633 0.02734375
5 0.8407911802853437 0.178955078125 0.1562905317769131 0.1083984375
5 0.7649156939040207 0.272705078125 0.22892347600518806 0.20849609375
5 0.5898184176394293 0.27685546875 0.07133592736705577 0.04541015625
5 0.448443579766537 0.31396484375 0.13424124513618677 0.05859375
5 0.26686121919584954 0.361083984375 0.17509727626459143 0.10546875
4 0.04961089494163424 0.609619140625 0.06355382619974059 0.041015625