5 0.1494140625 0.19714656290531776 0.19580078125 0.11673151750972763
5 0.33935546875 0.1861219195849546 0.10986328125 0.06614785992217899
5 0.45263671875 0.1861219195849546 0.04736328125 0.04669260700389105
5 0.5595703125 0.14785992217898833 0.11376953125 0.1264591439688716
5 0.67236328125 0.13813229571984437 0.11376953125 0.1556420233463035
5 0.8154296875 0.14915693904020752 0.16748046875 0.062905317769131
2 0.56787109375 0.28793774319066145 0.04248046875 0.13942931258106356
2 0.41015625 0.251621271076524 0.0205078125 0.07263294422827497
2 0.3076171875 0.23865110246433205 0.01220703125 0.040207522697795074
2 0.2578125 0.23735408560311283 0.01806640625 0.038910505836575876
2 0.2890625 0.2898832684824903 0.02685546875 0.10376134889753567
2 0.04345703125 0.28793774319066145 0.02294921875 0.058365758754863814
4 0.1181640625 0.5246433203631647 0.0673828125 0.04993514915693904