5 0.8095703125 0.1303501945525292 0.130859375 0.1556420233463035
5 0.69677734375 0.14267185473411154 0.1015625 0.12840466926070038
5 0.58837890625 0.17315175097276264 0.05615234375 0.04993514915693904
5 0.470703125 0.17574578469520102 0.09765625 0.058365758754863814
5 0.31298828125 0.20168612191958496 0.14794921875 0.11673151750972763
2 0.56298828125 0.25745784695201035 0.02294921875 0.08106355382619974
2 0.86279296875 0.3229571984435798 0.04150390625 0.1835278858625162
2 0.44970703125 0.23670557717250323 0.0146484375 0.04345006485084306
2 0.43798828125 0.23216601815823606 0.0107421875 0.03372243839169909
2 0.416015625 0.27367055771725035 0.01806640625 0.08754863813229571
2 0.39501953125 0.23670557717250323 0.015625 0.040207522697795074
2 0.2041015625 0.28793774319066145 0.0205078125 0.048638132295719845
2 0.18115234375 0.2833981841763943 0.01708984375 0.0324254215304799
4 0.2666015625 0.5084306095979247 0.044921875 0.03696498054474708
5 0.9404296875 0.14396887159533073 0.11865234375 0.05642023346303502