2 0.2041015625 0.29896238651102464 0.01806640625 0.04669260700389105
2 0.18505859375 0.2840466926070039 0.0146484375 0.027237354085603113
2 0.39599609375 0.24319066147859922 0.02197265625 0.027237354085603113
2 0.41748046875 0.2840466926070039 0.0302734375 0.07587548638132295
2 0.44873046875 0.24319066147859922 0.0146484375 0.040207522697795074
2 0.439453125 0.23865110246433205 0.00830078125 0.04669260700389105
2 0.55712890625 0.26783398184176394 0.03515625 0.0927367055771725
2 0.8408203125 0.32490272373540857 0.05126953125 0.19974059662775617
5 0.81005859375 0.14656290531776914 0.1220703125 0.14915693904020752
5 0.69775390625 0.15304798962386512 0.1162109375 0.13294422827496757
5 0.470703125 0.1926070038910506 0.08544921875 0.06614785992217899
5 0.58349609375 0.1874189364461738 0.0634765625 0.061608300907911806
5 0.29736328125 0.20428015564202334 0.17724609375 0.0959792477302205
4 0.2646484375 0.51621271076524 0.05615234375 0.038910505836575876
5 0.93994140625 0.15304798962386512 0.11962890625 0.05188067444876784