5 0.2704280155642023 0.34765625 0.22697795071335927 0.09912109375
5 0.46206225680933855 0.310791015625 0.1504539559014267 0.0537109375
5 0.6254863813229572 0.2880859375 0.05188067444876784 0.05126953125
5 0.7645914396887159 0.236328125 0.1621271076523995 0.1083984375
5 0.8829442282749675 0.21484375 0.15239948119325553 0.1123046875
2 0.504863813229572 0.3505859375 0.03631647211413749 0.04248046875
2 0.46368352788586253 0.35400390625 0.02529182879377432 0.02880859375
2 0.437094682230869 0.353271484375 0.0304798962386511 0.02197265625
2 0.125810635538262 0.4208984375 0.021400778210116732 0.0400390625
2 0.11316472114137484 0.426513671875 0.020103761348897537 0.03857421875
4 0.03599221789883268 0.578125 0.05771725032425422 0.03759765625