4 0.882568359375 0.47600518806744485 0.06103515625 0.04345006485084306
2 0.69140625 0.26264591439688717 0.03076171875 0.10505836575875487
2 0.71875 0.20395590142671854 0.021484375 0.04474708171206226
2 0.670654296875 0.21141374837872892 0.0185546875 0.05188067444876784
2 0.571044921875 0.2448119325551232 0.03271484375 0.07911802853437094
2 0.409423828125 0.3038261997405966 0.05419921875 0.14007782101167315
2 0.938720703125 0.23022049286640725 0.02734375 0.0622568093385214
5 0.167236328125 0.19811932555123216 0.18115234375 0.08365758754863813
5 0.308349609375 0.1621271076523995 0.11669921875 0.17120622568093385
5 0.412353515625 0.1608300907911803 0.11376953125 0.14202334630350194
5 0.515380859375 0.17833981841763943 0.06689453125 0.057068741893644616
5 0.64501953125 0.15369649805447472 0.1201171875 0.09014267185473411
5 0.819580078125 0.14559014267185474 0.18798828125 0.1219195849546044