5 0.1181640625 0.27367055771725035 0.20703125 0.1562905317769131
5 0.304443359375 0.2234111543450065 0.1162109375 0.08819714656290532
5 0.416259765625 0.19974059662775617 0.05224609375 0.055771725032425425
5 0.517333984375 0.13975356679636836 0.12744140625 0.14850843060959792
5 0.627685546875 0.10667963683527885 0.130859375 0.17704280155642024
5 0.770263671875 0.08787289234760051 0.1728515625 0.0966277561608301
2 0.5419921875 0.27658884565499353 0.05859375 0.14656290531776914
2 0.382080078125 0.2733463035019455 0.02880859375 0.07587548638132295
2 0.279296875 0.2817769130998703 0.0166015625 0.04215304798962387
2 0.22998046875 0.2908560311284047 0.0224609375 0.04215304798962387
2 0.266845703125 0.33625162127107655 0.03857421875 0.10830090791180286
2 0.024169921875 0.385538261997406 0.02978515625 0.0622568093385214
4 0.125732421875 0.6037613488975356 0.072265625 0.06355382619974059