2 0.699462890625 0.2714007782101167 0.03271484375 0.11738002594033722
2 0.578125 0.24643320363164722 0.02978515625 0.08625162127107652
2 0.42041015625 0.29798962386511024 0.041015625 0.13553826199740596
2 0.6748046875 0.2230869001297017 0.01708984375 0.04798962386511025
2 0.72412109375 0.21076523994811933 0.01708984375 0.04798962386511025
2 0.94482421875 0.24610894941634243 0.02978515625 0.0609597924773022
5 0.17529296875 0.182230869001297 0.18212890625 0.07133592736705577
5 0.323486328125 0.1582360570687419 0.1181640625 0.17055771725032426
5 0.432861328125 0.1553177691309987 0.11328125 0.12321660181582361
5 0.527099609375 0.185473411154345 0.0673828125 0.051232166018158234
5 0.651123046875 0.16990920881971466 0.11279296875 0.06939040207522698
5 0.833984375 0.16861219195849547 0.181640625 0.1297016861219196
4 0.87841796875 0.4896238651102464 0.0693359375 0.046044098573281456