5 0.124755859375 0.248378728923476 0.1943359375 0.15953307392996108
5 0.311279296875 0.21206225680933852 0.11279296875 0.07003891050583658
5 0.424560546875 0.19747081712062256 0.0546875 0.05252918287937743
5 0.52685546875 0.14429312581063553 0.1123046875 0.12386511024643321
5 0.6337890625 0.11219195849546044 0.12451171875 0.15953307392996108
5 0.779052734375 0.10635538261997406 0.1748046875 0.07976653696498054
2 0.555419921875 0.2837224383916991 0.046875 0.13942931258106356
2 0.390380859375 0.26815823605706873 0.0302734375 0.07782101167315175
2 0.290283203125 0.2619974059662776 0.01513671875 0.040207522697795074
2 0.273193359375 0.321011673151751 0.03369140625 0.10894941634241245
2 0.240966796875 0.2720492866407263 0.021484375 0.04734111543450065
2 0.02880859375 0.35894941634241245 0.0205078125 0.06679636835278858
4 0.11962890625 0.5836575875486382 0.06298828125 0.03761348897535668