2 0.503242542153048 0.35107421875 0.033073929961089495 0.033203125
2 0.5476653696498055 0.347900390625 0.023346303501945526 0.03076171875
2 0.5726329442282749 0.348388671875 0.014915693904020753 0.0205078125
2 0.8767833981841764 0.4287109375 0.023346303501945526 0.03173828125
2 0.89526588845655 0.430908203125 0.022697795071335927 0.0341796875
5 0.11770428015564202 0.206787109375 0.13813229571984437 0.11181640625
5 0.22178988326848248 0.296630859375 0.1932555123216602 0.19287109375
5 0.39137483787289234 0.285888671875 0.0622568093385214 0.05224609375
5 0.5233463035019456 0.31103515625 0.1297016861219196 0.068359375
5 0.7376783398184177 0.353271484375 0.21530479896238652 0.1103515625
4 0.9636835278858625 0.583984375 0.05317769130998703 0.02978515625