5 0.832763671875 0.16763942931258105 0.140625 0.16990920881971466
5 0.719482421875 0.16666666666666666 0.109375 0.13942931258106356
5 0.609375 0.18450064850843062 0.05908203125 0.05642023346303502
5 0.4921875 0.17347600518806744 0.10107421875 0.06939040207522698
5 0.333251953125 0.18125810635538261 0.1552734375 0.13359273670557717
2 0.57861328125 0.26556420233463035 0.0283203125 0.08365758754863813
2 0.873046875 0.3657587548638132 0.05322265625 0.1874189364461738
2 0.46728515625 0.23184176394293127 0.017578125 0.04474708171206226
2 0.455810546875 0.22600518806744488 0.0126953125 0.03501945525291829
2 0.43115234375 0.26491569390402075 0.02392578125 0.08949416342412451
2 0.41259765625 0.22568093385214008 0.01806640625 0.04215304798962387
2 0.21923828125 0.25453955901426717 0.0234375 0.05058365758754864
2 0.196533203125 0.24740596627756162 0.01904296875 0.03437094682230869
4 0.266845703125 0.48151750972762647 0.04736328125 0.04215304798962387
5 0.950439453125 0.19584954604409857 0.09912109375 0.07003891050583658