5 0.32717250324254216 0.3037109375 0.2191958495460441 0.1015625
5 0.5502594033722439 0.3115234375 0.13488975356679636 0.0556640625
5 0.6968223086900129 0.322509765625 0.07392996108949416 0.041015625
5 0.830739299610895 0.36328125 0.16407263294422827 0.17041015625
5 0.954928664072633 0.310546875 0.09014267185473411 0.0771484375
2 0.5509079118028535 0.35693359375 0.02204928664072633 0.03564453125
2 0.51621271076524 0.346435546875 0.023994811932555125 0.03662109375
2 0.4880025940337224 0.343017578125 0.017509727626459144 0.02783203125
2 0.16861219195849547 0.345703125 0.023994811932555125 0.0439453125
2 0.14948119325551232 0.345947265625 0.027237354085603113 0.03955078125
4 0.02529182879377432 0.476806640625 0.05058365758754864 0.02685546875