2 0.537353515625 0.26491569390402075 0.041015625 0.08236057068741894
2 0.55322265625 0.2182230869001297 0.02734375 0.05058365758754864
2 0.50146484375 0.23476005188067445 0.01904296875 0.048638132295719845
2 0.510986328125 0.2237354085603113 0.015625 0.035667963683527884
2 0.399169921875 0.2902075226977951 0.0458984375 0.08625162127107652
2 0.143798828125 0.4280155642023346 0.095703125 0.19455252918287938
2 0.7470703125 0.20752269779507135 0.02880859375 0.05771725032425422
2 0.763916015625 0.19066147859922178 0.0166015625 0.029182879377431907
5 0.635009765625 0.16245136186770429 0.15234375 0.1582360570687419
5 0.4677734375 0.191958495460441 0.0986328125 0.07976653696498054
5 0.360107421875 0.22632944228274968 0.0517578125 0.0622568093385214
5 0.251220703125 0.23086900129701687 0.14013671875 0.1543450064850843
5 0.130615234375 0.2480544747081712 0.13720703125 0.17509727626459143
4 0.72705078125 0.44228274967574577 0.0498046875 0.04734111543450065
5 0.037109375 0.29701686121919585 0.07421875 0.09727626459143969