2 0.11121919584954604 0.4189453125 0.02529182879377432 0.0380859375
2 0.12710765239948119 0.41650390625 0.02529182879377432 0.03662109375
2 0.4357976653696498 0.3505859375 0.016861219195849545 0.025390625
2 0.4607652399481193 0.3564453125 0.027885862516212712 0.02880859375
2 0.5061608300907912 0.358154296875 0.01880674448767834 0.03857421875
5 0.8884565499351491 0.22509765625 0.1511024643320363 0.1181640625
5 0.7973411154345007 0.30322265625 0.191958495460441 0.20703125
5 0.62905317769131 0.290283203125 0.10051880674448768 0.0546875
5 0.49448767833981844 0.3134765625 0.18482490272373542 0.0537109375
5 0.2733463035019455 0.351806640625 0.23476005188067445 0.10498046875
4 0.03469520103761349 0.571533203125 0.055771725032425425 0.0244140625