4 0.12060546875 0.5885214007782101 0.0595703125 0.05252918287937743
2 0.27490234375 0.32749675745784695 0.04443359375 0.11089494163424124
2 0.5546875 0.2821011673151751 0.05419921875 0.13748378728923477
2 0.389892578125 0.2710765239948119 0.029296875 0.08625162127107652
2 0.23681640625 0.27691309987029833 0.02490234375 0.05188067444876784
2 0.284912109375 0.2691309987029831 0.0234375 0.04798962386511025
2 0.029541015625 0.37094682230869 0.02587890625 0.0622568093385214
5 0.77734375 0.09857328145265888 0.181640625 0.09014267185473411
5 0.626953125 0.10149156939040208 0.13037109375 0.17963683527885863
5 0.51953125 0.13683527885862518 0.11181640625 0.14980544747081712
5 0.425537109375 0.1893644617380026 0.060546875 0.058365758754863814
5 0.301025390625 0.20525291828793774 0.123046875 0.0940337224383917
5 0.118896484375 0.2525940337224384 0.205078125 0.14980544747081712