5 0.3476005188067445 0.297119140625 0.23670557717250323 0.1142578125
5 0.5586900129701686 0.319091796875 0.14591439688715954 0.072265625
5 0.7068741893644618 0.337890625 0.09533073929961089 0.04833984375
5 0.8647859922178989 0.322509765625 0.21141374837872892 0.123046875
5 0.9542801556420234 0.3203125 0.0914396887159533 0.103515625
2 0.5638780804150454 0.358154296875 0.03437094682230869 0.04638671875
2 0.5239948119325551 0.351318359375 0.040207522697795074 0.03369140625
2 0.5012970168612192 0.343994140625 0.028534370946822308 0.0341796875
2 0.1832036316472114 0.345703125 0.042801556420233464 0.06005859375
2 0.15953307392996108 0.334228515625 0.04409857328145266 0.06396484375
4 0.023670557717250323 0.457275390625 0.04734111543450065 0.03466796875