2 0.792236328125 0.28566796368352787 0.0234375 0.05382619974059663
2 0.81494140625 0.2707522697795071 0.0185546875 0.046044098573281456
2 0.576171875 0.27496757457846954 0.02880859375 0.07846952010376135
2 0.59912109375 0.23443579766536965 0.01611328125 0.03437094682230869
2 0.558837890625 0.22762645914396887 0.0126953125 0.040207522697795074
2 0.54443359375 0.23638132295719844 0.02001953125 0.04928664072632944
2 0.430419921875 0.26361867704280156 0.02783203125 0.07522697795071336
2 0.118408203125 0.33041504539559013 0.0595703125 0.20103761348897536
5 0.18017578125 0.13910505836575876 0.11669921875 0.1549935149156939
5 0.29931640625 0.1608300907911803 0.13671875 0.14267185473411154
5 0.401611328125 0.187094682230869 0.0517578125 0.04798962386511025
5 0.519287109375 0.185473411154345 0.1103515625 0.055771725032425425
5 0.69140625 0.19909208819714655 0.154296875 0.11673151750972763
4 0.73388671875 0.5055123216601816 0.05419921875 0.04345006485084306
5 0.0546875 0.15920881971465628 0.109375 0.046044098573281456