5 0.708251953125 0.14559014267185474 0.1171875 0.185473411154345
5 0.8193359375 0.1507782101167315 0.107421875 0.18482490272373542
5 0.328369140625 0.1922827496757458 0.150390625 0.11024643320363164
5 0.479248046875 0.17509727626459143 0.09765625 0.0907911802853437
5 0.601806640625 0.1932555123216602 0.0439453125 0.05382619974059663
2 0.88330078125 0.33819714656290534 0.06396484375 0.20428015564202334
2 0.57080078125 0.2619974059662776 0.0322265625 0.08560311284046693
2 0.42333984375 0.2714007782101167 0.02294921875 0.08819714656290532
2 0.4580078125 0.23994811932555124 0.01123046875 0.04734111543450065
2 0.405517578125 0.23281452658884566 0.0205078125 0.03955901426718547
2 0.212890625 0.27399481193255515 0.015625 0.04085603112840467
2 0.19091796875 0.2733463035019455 0.015625 0.033073929961089495
2 0.447509765625 0.23022049286640725 0.00927734375 0.042801556420233464
4 0.271728515625 0.4996757457846952 0.05224609375 0.042801556420233464
5 0.941650390625 0.16277561608300908 0.11669921875 0.0622568093385214