5 0.71728515625 0.22178988326848248 0.171875 0.12386511024643321
5 0.5458984375 0.1877431906614786 0.0986328125 0.07976653696498054
5 0.430908203125 0.17380025940337224 0.0634765625 0.054474708171206226
5 0.3251953125 0.12743190661478598 0.1162109375 0.13294422827496757
5 0.21435546875 0.10343709468223086 0.119140625 0.16407263294422827
2 0.141357421875 0.2924773022049287 0.06640625 0.20428015564202334
2 0.44873046875 0.25551232166018156 0.02783203125 0.07003891050583658
2 0.59521484375 0.2795071335927367 0.02099609375 0.07392996108949416
2 0.55908203125 0.2506485084306096 0.0224609375 0.04409857328145266
2 0.57421875 0.24351491569390402 0.009765625 0.033073929961089495
2 0.61328125 0.253242542153048 0.02001953125 0.03501945525291829
2 0.802734375 0.31744487678339817 0.02783203125 0.05382619974059663
2 0.828125 0.311284046692607 0.01904296875 0.04345006485084306
4 0.734375 0.5379377431906615 0.05908203125 0.04734111543450065
5 0.08642578125 0.10992217898832685 0.13525390625 0.05901426718547341