2 0.58935546875 0.3009079118028534 0.04833984375 0.13942931258106356
2 0.427001953125 0.2519455252918288 0.025390625 0.06809338521400778
2 0.30419921875 0.2697795071335927 0.02587890625 0.10116731517509728
2 0.326171875 0.22178988326848248 0.017578125 0.041504539559014265
2 0.275634765625 0.21595330739299612 0.0166015625 0.040207522697795074
2 0.055908203125 0.2525940337224384 0.02294921875 0.06679636835278858
4 0.1201171875 0.49383916990920884 0.0625 0.06031128404669261
5 0.834228515625 0.17412451361867703 0.18408203125 0.07976653696498054
5 0.680419921875 0.1520752269779507 0.1181640625 0.17055771725032426
5 0.576171875 0.15985732814526588 0.10986328125 0.12775616083009078
5 0.468505859375 0.17866407263294423 0.0546875 0.04993514915693904
5 0.355224609375 0.17055771725032426 0.11279296875 0.06614785992217899
5 0.166015625 0.16926070038910507 0.1943359375 0.13553826199740596