2 0.400390625 0.309662775616083 0.05517578125 0.14267185473411154
2 0.559814453125 0.2457846952010376 0.02880859375 0.06939040207522698
2 0.683349609375 0.2522697795071336 0.03076171875 0.10181582360570687
2 0.65869140625 0.20654993514915693 0.01953125 0.042801556420233464
2 0.708984375 0.19584954604409857 0.0185546875 0.041504539559014265
2 0.93017578125 0.21206225680933852 0.0263671875 0.06809338521400778
4 0.878662109375 0.4588197146562905 0.06494140625 0.0654993514915694
5 0.1494140625 0.20590142671854733 0.18603515625 0.0959792477302205
5 0.3017578125 0.16958495460440987 0.12548828125 0.17963683527885863
5 0.40625 0.16796368352788585 0.115234375 0.13683527885862518
5 0.5146484375 0.17639429312581065 0.056640625 0.054474708171206226
5 0.626953125 0.1579118028534371 0.11474609375 0.07587548638132295
5 0.81591796875 0.13910505836575876 0.19921875 0.15239948119325553