5 0.3041504539559014 0.32470703125 0.20168612191958496 0.0830078125
5 0.5110246433203631 0.31103515625 0.11997405966277562 0.04638671875
5 0.6647211413748378 0.30712890625 0.06614785992217899 0.03515625
5 0.8138780804150454 0.28515625 0.15888456549935148 0.0771484375
5 0.9383916990920882 0.2666015625 0.122568093385214 0.08935546875
2 0.14461738002594035 0.38623046875 0.019455252918287938 0.03662109375
2 0.1309987029831388 0.388671875 0.014267185473411154 0.03662109375
2 0.5291828793774319 0.353515625 0.022697795071335927 0.03515625
2 0.4876783398184176 0.35009765625 0.020752269779507133 0.03271484375
2 0.46173800259403375 0.34619140625 0.017509727626459144 0.01806640625
4 0.029182879377431907 0.529296875 0.058365758754863814 0.0244140625