2 0.1582360570687419 0.365966796875 0.029182879377431907 0.03662109375
2 0.13878080415045396 0.364501953125 0.019455252918287938 0.03759765625
2 0.5382619974059663 0.352783203125 0.026588845654993514 0.02880859375
2 0.501621271076524 0.348388671875 0.023346303501945526 0.02880859375
2 0.4776264591439689 0.341796875 0.019455252918287938 0.0205078125
5 0.9396887159533074 0.280029296875 0.12062256809338522 0.10595703125
5 0.8381971465629053 0.349853515625 0.1828793774319066 0.19580078125
5 0.5301556420233463 0.313720703125 0.12321660181582361 0.04541015625
5 0.31971465629053175 0.312744140625 0.21206225680933852 0.0927734375
4 0.02464332036316472 0.503173828125 0.04928664072632944 0.02197265625
5 0.6725032425421531 0.317138671875 0.06939040207522698 0.03759765625