5 0.68310546875 0.19747081712062256 0.1416015625 0.09727626459143969
5 0.531982421875 0.19130998702983137 0.1025390625 0.07717250324254216
5 0.414794921875 0.19066147859922178 0.0517578125 0.04669260700389105
5 0.291748046875 0.14559014267185474 0.109375 0.13748378728923477
5 0.179931640625 0.14753566796368353 0.13818359375 0.17250324254215305
2 0.159423828125 0.32749675745784695 0.05615234375 0.1880674448767834
2 0.43505859375 0.2707522697795071 0.0263671875 0.07652399481193256
2 0.5478515625 0.24708171206225682 0.01513671875 0.04409857328145266
2 0.560546875 0.23865110246433205 0.01025390625 0.04345006485084306
2 0.599609375 0.23832684824902725 0.02001953125 0.03631647211413749
2 0.57958984375 0.2821011673151751 0.02880859375 0.07003891050583658
2 0.793212890625 0.28891050583657585 0.01611328125 0.05382619974059663
2 0.813720703125 0.2837224383916991 0.01513671875 0.033073929961089495
4 0.731689453125 0.5107003891050583 0.04931640625 0.03696498054474708
5 0.053955078125 0.1601815823605707 0.10791015625 0.0609597924773022