4 0.11962890625 0.5259403372243839 0.06494140625 0.05188067444876784
2 0.57421875 0.28728923476005186 0.044921875 0.13488975356679636
2 0.41259765625 0.251621271076524 0.03271484375 0.07911802853437094
2 0.31103515625 0.23411154345006485 0.02197265625 0.05188067444876784
2 0.28759765625 0.2924773022049287 0.0302734375 0.11219195849546044
2 0.25927734375 0.23929961089494164 0.0205078125 0.04539559014267185
2 0.041015625 0.28793774319066145 0.02783203125 0.058365758754863814
5 0.80029296875 0.14267185473411154 0.173828125 0.06614785992217899
5 0.65771484375 0.13424124513618677 0.10400390625 0.1575875486381323
5 0.55078125 0.14656290531776914 0.09912109375 0.1264591439688716
5 0.45361328125 0.1874189364461738 0.05615234375 0.048638132295719845
5 0.34130859375 0.185473411154345 0.12353515625 0.05188067444876784
5 0.1484375 0.19130998702983137 0.1884765625 0.11867704280155641