2 0.026611328125 0.4153696498054475 0.0283203125 0.06031128404669261
2 0.226318359375 0.30512321660181585 0.02294921875 0.03955901426718547
2 0.2646484375 0.34987029831387806 0.04736328125 0.10440985732814527
2 0.2783203125 0.2811284046692607 0.02294921875 0.04669260700389105
2 0.383544921875 0.28631647211413747 0.04052734375 0.08690012970168612
2 0.55810546875 0.27496757457846954 0.06591796875 0.1504539559014267
5 0.7685546875 0.07068741893644617 0.19384765625 0.11413748378728923
5 0.61572265625 0.10408560311284047 0.12255859375 0.17444876783398183
5 0.509765625 0.14137483787289234 0.123046875 0.14721141374837873
5 0.417236328125 0.19974059662775617 0.0595703125 0.061608300907911806
5 0.2958984375 0.23086900129701687 0.12060546875 0.08300907911802853
5 0.123046875 0.28664072632944226 0.181640625 0.1511024643320363
4 0.1337890625 0.6248378728923476 0.06396484375 0.05771725032425422