2 0.11089494163424124 0.427734375 0.04215304798962387 0.0732421875
2 0.26718547341115434 0.41650390625 0.01297016861219196 0.03662109375
2 0.29377431906614787 0.4208984375 0.027237354085603113 0.05712890625
2 0.3236057068741894 0.4150390625 0.0324254215304799 0.0625
2 0.35019455252918286 0.404296875 0.01297016861219196 0.029296875
2 0.3651102464332036 0.4013671875 0.017509727626459144 0.02783203125
2 0.4721141374837873 0.41162109375 0.02594033722438392 0.0439453125
2 0.6556420233463035 0.4140625 0.029182879377431907 0.05859375
5 0.851491569390402 0.326171875 0.29571984435797666 0.12744140625
5 0.8495460440985733 0.41845703125 0.15239948119325553 0.07470703125
5 0.185473411154345 0.31640625 0.36770428015564205 0.25244140625