5 0.7042801556420234 0.33740234375 0.17250324254215305 0.08740234375
5 0.5272373540856031 0.3095703125 0.16731517509727625 0.06103515625
5 0.37094682230869 0.293701171875 0.0654993514915694 0.0263671875
5 0.2182230869001297 0.2998046875 0.1932555123216602 0.16845703125
5 0.09695201037613489 0.2275390625 0.12321660181582361 0.08935546875
2 0.498378728923476 0.348876953125 0.04085603112840467 0.0380859375
2 0.5363164721141375 0.344482421875 0.028534370946822308 0.02978515625
2 0.5651750972762646 0.34423828125 0.019455252918287938 0.0234375
2 0.8706225680933852 0.410888671875 0.027885862516212712 0.03369140625
2 0.8946173800259404 0.41259765625 0.033073929961089495 0.0400390625
4 0.9678988326848249 0.568359375 0.05252918287937743 0.0322265625