2 0.871826171875 0.4043450064850843 0.07421875 0.19844357976653695
2 0.59033203125 0.2772373540856031 0.0361328125 0.07782101167315175
2 0.4814453125 0.22957198443579765 0.0205078125 0.05252918287937743
2 0.4716796875 0.22697795071335927 0.0166015625 0.04085603112840467
2 0.443115234375 0.26361867704280156 0.03515625 0.0914396887159533
2 0.43115234375 0.2143320363164721 0.025390625 0.05317769130998703
2 0.230224609375 0.23313878080415046 0.025390625 0.05642023346303502
2 0.21435546875 0.22600518806744488 0.0185546875 0.029831387808041506
5 0.848876953125 0.19520103761348898 0.14306640625 0.17250324254215305
5 0.73193359375 0.20395590142671854 0.10693359375 0.15369649805447472
5 0.625732421875 0.20330739299610895 0.046875 0.05966277561608301
5 0.51513671875 0.1874189364461738 0.1025390625 0.07263294422827497
5 0.3427734375 0.16893644617380027 0.1728515625 0.13813229571984437
4 0.26904296875 0.46335927367055774 0.0615234375 0.054474708171206226
5 0.95654296875 0.248378728923476 0.0869140625 0.07263294422827497