5 0.35862516212710766 0.302978515625 0.17380025940337224 0.08935546875
5 0.5392347600518806 0.310791015625 0.16796368352788585 0.06298828125
5 0.6955252918287937 0.325927734375 0.06614785992217899 0.02685546875
5 0.8407911802853437 0.361572265625 0.19584954604409857 0.17041015625
5 0.9604409857328146 0.315185546875 0.07911802853437094 0.09033203125
2 0.5535019455252919 0.354248046875 0.041504539559014265 0.03857421875
2 0.5181582360570688 0.3427734375 0.029182879377431907 0.0302734375
2 0.4905966277561608 0.336669921875 0.020103761348897537 0.0234375
2 0.17250324254215305 0.341552734375 0.028534370946822308 0.03369140625
2 0.14883268482490272 0.338623046875 0.03372243839169909 0.0400390625
4 0.025616083009079117 0.474853515625 0.051232166018158234 0.03271484375