2 0.832275390625 0.35116731517509725 0.06298828125 0.188715953307393
2 0.571533203125 0.2694552529182879 0.0244140625 0.07976653696498054
2 0.46533203125 0.24610894941634243 0.017578125 0.04669260700389105
2 0.453125 0.23670557717250323 0.01171875 0.03501945525291829
2 0.432861328125 0.2843709468223087 0.02587890625 0.09922178988326848
2 0.412353515625 0.23086900129701687 0.01513671875 0.03501945525291829
2 0.216552734375 0.26588845654993515 0.0224609375 0.04409857328145266
2 0.197021484375 0.2616731517509728 0.0185546875 0.027885862516212712
5 0.8310546875 0.16342412451361868 0.119140625 0.1601815823605707
5 0.72021484375 0.18385214007782102 0.11328125 0.14461738002594035
5 0.605712890625 0.20363164721141375 0.03759765625 0.057068741893644616
5 0.492919921875 0.1893644617380026 0.08837890625 0.07587548638132295
5 0.32275390625 0.1916342412451362 0.16455078125 0.12840466926070038
4 0.26611328125 0.49416342412451364 0.0498046875 0.048638132295719845
5 0.943115234375 0.20038910505836577 0.11376953125 0.07133592736705577