5 0.1474609375 0.19584954604409857 0.18994140625 0.11543450064850844
5 0.33447265625 0.182230869001297 0.10986328125 0.05512321660181582
5 0.45263671875 0.1861219195849546 0.04736328125 0.03696498054474708
5 0.560546875 0.15304798962386512 0.1064453125 0.10376134889753567
5 0.67333984375 0.1303501945525292 0.11865234375 0.13942931258106356
5 0.8203125 0.15239948119325553 0.16748046875 0.05966277561608301
2 0.56640625 0.28728923476005186 0.04150390625 0.13488975356679636
2 0.41259765625 0.2522697795071336 0.02294921875 0.06809338521400778
2 0.30859375 0.23735408560311283 0.0146484375 0.038910505836575876
2 0.28759765625 0.2924773022049287 0.02783203125 0.09922178988326848
2 0.25732421875 0.23865110246433205 0.01708984375 0.040207522697795074
2 0.04052734375 0.28858625162127105 0.02197265625 0.04669260700389105
4 0.12255859375 0.5278858625162127 0.068359375 0.05317769130998703