2 0.85595703125 0.32814526588845655 0.05224609375 0.19001297016861218
2 0.56298828125 0.261348897535668 0.02783203125 0.07263294422827497
2 0.44970703125 0.23670557717250323 0.0146484375 0.04993514915693904
2 0.43994140625 0.23605706874189364 0.01220703125 0.038910505836575876
2 0.416015625 0.2782101167315175 0.025390625 0.08754863813229571
2 0.3984375 0.23216601815823606 0.01953125 0.04993514915693904
2 0.2021484375 0.2924773022049287 0.01953125 0.05317769130998703
2 0.185546875 0.28858625162127105 0.015625 0.027237354085603113
5 0.80859375 0.1264591439688716 0.12744140625 0.14785992217898833
5 0.6943359375 0.15953307392996108 0.091796875 0.13618677042801555
5 0.58935546875 0.18093385214007782 0.04150390625 0.05188067444876784
5 0.47802734375 0.1880674448767834 0.09765625 0.05317769130998703
5 0.3056640625 0.20557717250324253 0.16259765625 0.10570687418936446
4 0.267578125 0.5116731517509727 0.05712890625 0.04345006485084306
5 0.93994140625 0.15304798962386512 0.11962890625 0.048638132295719845