2 0.728515625 0.32619974059662776 0.037109375 0.11867704280155641
2 0.61328125 0.2707522697795071 0.03271484375 0.08754863813229571
2 0.450927734375 0.2814526588845655 0.0458984375 0.13748378728923477
2 0.71142578125 0.2723735408560311 0.01904296875 0.048638132295719845
2 0.761474609375 0.2726977950713359 0.01904296875 0.048638132295719845
2 0.97314453125 0.3634889753566796 0.0322265625 0.0622568093385214
5 0.22705078125 0.10603112840466926 0.18359375 0.08365758754863813
5 0.375732421875 0.11964980544747082 0.1240234375 0.17769130998702984
5 0.483642578125 0.14461738002594035 0.1171875 0.1303501945525292
5 0.57177734375 0.19811932555123216 0.06884765625 0.055771725032425425
5 0.695556640625 0.2143320363164721 0.11474609375 0.07717250324254216
5 0.87548828125 0.2594033722438392 0.185546875 0.14137483787289234
4 0.872802734375 0.585603112840467 0.07080078125 0.05058365758754864