2 0.12710765239948119 0.3837890625 0.019455252918287938 0.03662109375
2 0.14332036316472113 0.3828125 0.019455252918287938 0.03515625
2 0.4604409857328145 0.345703125 0.01297016861219196 0.0244140625
2 0.48443579766536965 0.35400390625 0.023994811932555125 0.02685546875
2 0.5291828793774319 0.35986328125 0.01297016861219196 0.03759765625
5 0.9299610894941635 0.2626953125 0.13488975356679636 0.1064453125
5 0.8268482490272373 0.33203125 0.1621271076523995 0.193359375
5 0.6621271076523995 0.3037109375 0.0940337224383917 0.04638671875
5 0.5246433203631647 0.314453125 0.18028534370946822 0.03759765625
5 0.29896238651102464 0.33203125 0.22243839169909208 0.08544921875
4 0.026588845654993514 0.5283203125 0.05317769130998703 0.01953125