5 0.11279296875 0.30512321660181585 0.20556640625 0.16861219195849547
5 0.296630859375 0.23994811932555124 0.11376953125 0.08495460440985733
5 0.411865234375 0.21206225680933852 0.0615234375 0.06614785992217899
5 0.50732421875 0.13780804150453957 0.115234375 0.13553826199740596
5 0.60400390625 0.09208819714656291 0.12255859375 0.16666666666666666
5 0.764404296875 0.06874189364461739 0.1787109375 0.10181582360570687
2 0.5546875 0.2710765239948119 0.0537109375 0.1517509727626459
2 0.3818359375 0.28599221789883267 0.02734375 0.07263294422827497
2 0.277587890625 0.29896238651102464 0.02001953125 0.040207522697795074
2 0.227783203125 0.30836575875486383 0.02099609375 0.04539559014267185
2 0.26171875 0.34987029831387806 0.03564453125 0.0933852140077821
2 0.028564453125 0.42412451361867703 0.02587890625 0.057068741893644616
4 0.134765625 0.6316472114137484 0.06298828125 0.061608300907911806