5 0.1874189364461738 0.30810546875 0.36770428015564205 0.24853515625
5 0.8540856031128404 0.3251953125 0.2918287937743191 0.1259765625
5 0.8521400778210116 0.41650390625 0.13164721141374838 0.07568359375
2 0.11543450064850844 0.42626953125 0.048638132295719845 0.07568359375
2 0.2931258106355383 0.41650390625 0.035667963683527884 0.06103515625
2 0.32944228274967574 0.416015625 0.03372243839169909 0.0673828125
2 0.3521400778210117 0.40234375 0.017509727626459144 0.03271484375
2 0.374189364461738 0.40478515625 0.01621271076523995 0.0302734375
2 0.2710765239948119 0.41552734375 0.017509727626459144 0.0341796875
2 0.47535667963683526 0.41259765625 0.035667963683527884 0.044921875
2 0.6504539559014267 0.41796875 0.03372243839169909 0.0634765625