5 0.832275390625 0.1579118028534371 0.19287109375 0.1556420233463035
5 0.643798828125 0.16958495460440987 0.1123046875 0.06744487678339818
5 0.53076171875 0.18385214007782102 0.05419921875 0.051232166018158234
5 0.422607421875 0.1575875486381323 0.11083984375 0.1219195849546044
5 0.31298828125 0.15337224383916992 0.123046875 0.1569390402075227
5 0.16943359375 0.18417639429312582 0.17431640625 0.07587548638132295
2 0.414306640625 0.301556420233463 0.04541015625 0.13878080415045396
2 0.574462890625 0.2444876783398184 0.029296875 0.07717250324254216
2 0.671875 0.2130350194552529 0.0146484375 0.040207522697795074
2 0.69677734375 0.26686121919584954 0.0322265625 0.10830090791180286
2 0.7216796875 0.21044098573281453 0.02099609375 0.04734111543450065
2 0.9423828125 0.24221789883268482 0.02001953125 0.06614785992217899
4 0.88525390625 0.48573281452658884 0.0625 0.03631647211413749