5 0.333740234375 0.19130998702983137 0.1337890625 0.11738002594033722
5 0.48974609375 0.1929312581063554 0.08984375 0.07068741893644617
5 0.606201171875 0.19455252918287938 0.05712890625 0.057068741893644616
5 0.72216796875 0.1864461738002594 0.09814453125 0.13683527885862518
5 0.830078125 0.1543450064850843 0.12353515625 0.18417639429312582
2 0.862060546875 0.3527885862516213 0.06494140625 0.20428015564202334
2 0.572998046875 0.26686121919584954 0.02978515625 0.08949416342412451
2 0.46484375 0.23929961089494164 0.01708984375 0.04798962386511025
2 0.45166015625 0.23022049286640725 0.0166015625 0.03501945525291829
2 0.42919921875 0.2730220492866407 0.0244140625 0.07976653696498054
2 0.410400390625 0.23281452658884566 0.01318359375 0.04734111543450065
2 0.220458984375 0.2691309987029831 0.0283203125 0.058365758754863814
2 0.19482421875 0.26361867704280156 0.02294921875 0.05188067444876784
4 0.268798828125 0.49546044098573283 0.056640625 0.048638132295719845
5 0.945068359375 0.1916342412451362 0.10986328125 0.061608300907911806