5 0.3009079118028534 0.3251953125 0.2146562905317769 0.0771484375
5 0.4974059662775616 0.30859375 0.14461738002594035 0.0390625
5 0.6634241245136187 0.30322265625 0.04345006485084306 0.04736328125
5 0.8106355382619974 0.2666015625 0.14591439688715954 0.09423828125
5 0.9319066147859922 0.2578125 0.13553826199740596 0.09912109375
2 0.5324254215304799 0.3525390625 0.029182879377431907 0.0400390625
2 0.4909208819714656 0.3515625 0.020752269779507133 0.02685546875
2 0.4649805447470817 0.34814453125 0.027237354085603113 0.01953125
2 0.14396887159533073 0.38232421875 0.014267185473411154 0.0390625
2 0.1303501945525292 0.38671875 0.01297016861219196 0.03759765625
4 0.02594033722438392 0.52880859375 0.05188067444876784 0.03271484375