5 0.8780804150453956 0.203369140625 0.14850843060959792 0.1142578125
5 0.7830739299610895 0.288330078125 0.19001297016861218 0.17431640625
5 0.4698443579766537 0.306884765625 0.12905317769131 0.05615234375
5 0.27561608300907914 0.348388671875 0.20038910505836577 0.09912109375
2 0.45330739299610895 0.349365234375 0.031776913099870296 0.0322265625
2 0.4990272373540856 0.349365234375 0.03761348897535668 0.02880859375
2 0.43158236057068744 0.3525390625 0.01556420233463035 0.02392578125
2 0.09857328145265888 0.42626953125 0.03826199740596628 0.04931640625
2 0.1261348897535668 0.42041015625 0.03372243839169909 0.037109375
4 0.040207522697795074 0.580078125 0.062905317769131 0.03173828125
5 0.6121919584954605 0.290283203125 0.07198443579766536 0.0439453125