5 0.325927734375 0.19001297016861218 0.1474609375 0.12321660181582361
5 0.491455078125 0.19617380025940337 0.1025390625 0.055771725032425425
5 0.603759765625 0.1916342412451362 0.04931640625 0.04474708171206226
5 0.707275390625 0.17736705577172504 0.11572265625 0.12840466926070038
5 0.835205078125 0.16634241245136186 0.1484375 0.16731517509727625
2 0.847412109375 0.35149156939040205 0.06689453125 0.19455252918287938
2 0.570068359375 0.26783398184176394 0.033203125 0.08041504539559015
2 0.464599609375 0.24319066147859922 0.01904296875 0.04345006485084306
2 0.451171875 0.23670557717250323 0.01416015625 0.03826199740596628
2 0.430419921875 0.27691309987029833 0.03076171875 0.07846952010376135
2 0.4130859375 0.23638132295719844 0.02685546875 0.04539559014267185
2 0.22265625 0.26491569390402075 0.0341796875 0.04798962386511025
2 0.197265625 0.25486381322957197 0.01904296875 0.040207522697795074
4 0.268310546875 0.49351491569390404 0.05322265625 0.04474708171206226
5 0.954345703125 0.1932555123216602 0.09130859375 0.0648508430609598