5 0.2978515625 0.20233463035019456 0.16650390625 0.10894941634241245
5 0.470703125 0.18417639429312582 0.09521484375 0.07133592736705577
5 0.5859375 0.18093385214007782 0.06103515625 0.048638132295719845
5 0.69384765625 0.14461738002594035 0.10986328125 0.12321660181582361
5 0.8056640625 0.1309987029831388 0.111328125 0.1543450064850843
2 0.86865234375 0.32619974059662776 0.05615234375 0.19974059662775617
2 0.56396484375 0.2607003891050584 0.0244140625 0.06809338521400778
2 0.41650390625 0.2710765239948119 0.01708984375 0.07263294422827497
2 0.4541015625 0.2457846952010376 0.0205078125 0.04215304798962387
2 0.439453125 0.23735408560311283 0.00830078125 0.0324254215304799
2 0.39990234375 0.24319066147859922 0.01806640625 0.03372243839169909
2 0.20751953125 0.2898832684824903 0.025390625 0.05188067444876784
2 0.1826171875 0.2814526588845655 0.01708984375 0.04215304798962387
4 0.26416015625 0.51621271076524 0.05712890625 0.04215304798962387
5 0.93310546875 0.14915693904020752 0.13330078125 0.04669260700389105