5 0.29896238651102464 0.32275390625 0.2191958495460441 0.08447265625
5 0.5116731517509727 0.31396484375 0.13488975356679636 0.0537109375
5 0.6621271076523995 0.31103515625 0.08754863813229571 0.03662109375
5 0.8132295719844358 0.2734375 0.19001297016861218 0.09765625
5 0.9319066147859922 0.25390625 0.13553826199740596 0.08544921875
2 0.5265888456549935 0.3515625 0.023994811932555125 0.0439453125
2 0.48573281452658884 0.3505859375 0.03372243839169909 0.029296875
2 0.46173800259403375 0.3466796875 0.020752269779507133 0.03173828125
2 0.14980544747081712 0.39404296875 0.029182879377431907 0.05712890625
2 0.12386511024643321 0.38623046875 0.029182879377431907 0.06103515625
4 0.021400778210116732 0.52685546875 0.04215304798962387 0.029296875