5 0.83154296875 0.17088197146562906 0.19677734375 0.13618677042801555
5 0.6416015625 0.17542153047989623 0.1103515625 0.06614785992217899
5 0.52490234375 0.19098573281452658 0.05712890625 0.057068741893644616
5 0.417724609375 0.1546692607003891 0.10546875 0.11932555123216602
5 0.3154296875 0.14591439688715954 0.10986328125 0.1504539559014267
5 0.15625 0.182230869001297 0.17626953125 0.07133592736705577
2 0.39990234375 0.29993514915693903 0.03955078125 0.14850843060959792
2 0.569091796875 0.2509727626459144 0.0205078125 0.07068741893644617
2 0.672119140625 0.22535667963683528 0.0166015625 0.03826199740596628
2 0.721923828125 0.21595330739299612 0.0166015625 0.04345006485084306
2 0.69775390625 0.26848249027237353 0.02685546875 0.0914396887159533
2 0.9375 0.25453955901426717 0.02099609375 0.054474708171206226
4 0.87841796875 0.49286640726329445 0.0595703125 0.05188067444876784