2 0.16342412451361868 0.332275390625 0.028534370946822308 0.03857421875
2 0.17963683527885863 0.333740234375 0.027885862516212712 0.037109375
2 0.5003242542153048 0.3427734375 0.01880674448767834 0.02587890625
2 0.5217250324254216 0.3544921875 0.0304798962386511 0.02978515625
2 0.5642023346303502 0.36669921875 0.02204928664072633 0.03857421875
5 0.9510376134889753 0.32861328125 0.09792477302204929 0.1240234375
5 0.8634889753566797 0.382080078125 0.20817120622568094 0.212890625
5 0.7088197146562906 0.33056640625 0.10376134889753567 0.05908203125
5 0.5713359273670557 0.3212890625 0.1867704280155642 0.06298828125
5 0.3453307392996109 0.30615234375 0.23994811932555124 0.11572265625
4 0.02821011673151751 0.459716796875 0.05642023346303502 0.02685546875