5 0.270263671875 0.06744487678339818 0.14404296875 0.13488975356679636
5 0.38232421875 0.10019455252918288 0.1357421875 0.14850843060959792
5 0.4736328125 0.16893644617380027 0.05029296875 0.05512321660181582
5 0.5859375 0.21108949416342412 0.095703125 0.08495460440985733
5 0.74169921875 0.2846952010376135 0.16796875 0.16472114137483787
2 0.621337890625 0.3142023346303502 0.03125 0.06744487678339818
2 0.49365234375 0.24675745784695202 0.04150390625 0.08560311284046693
2 0.210205078125 0.2201686121919585 0.083984375 0.19779507133592736
2 0.59619140625 0.2691309987029831 0.02197265625 0.04669260700389105
2 0.608642578125 0.26394293125810636 0.015625 0.03437094682230869
2 0.648681640625 0.2898832684824903 0.02001953125 0.04345006485084306
2 0.827392578125 0.3965629053177691 0.0205078125 0.051232166018158234
2 0.847412109375 0.3952658884565499 0.02587890625 0.03826199740596628
4 0.72607421875 0.5901426718547341 0.06396484375 0.06355382619974059
5 0.139892578125 0.03437094682230869 0.13330078125 0.06874189364461739