5 0.2666015625 0.06906614785992218 0.1552734375 0.13813229571984437
5 0.374267578125 0.09014267185473411 0.1220703125 0.1569390402075227
5 0.473876953125 0.1543450064850843 0.0634765625 0.06679636835278858
5 0.58740234375 0.19487678339818418 0.10546875 0.08819714656290532
5 0.73583984375 0.2707522697795071 0.1650390625 0.1608300907911803
2 0.483154296875 0.2444876783398184 0.037109375 0.08625162127107652
2 0.18017578125 0.21173800259403372 0.07373046875 0.19130998702983137
2 0.5966796875 0.2607003891050584 0.02197265625 0.04669260700389105
2 0.60888671875 0.2600518806744488 0.0166015625 0.03631647211413749
2 0.622802734375 0.30739299610894943 0.03369140625 0.0907911802853437
2 0.64990234375 0.2782101167315175 0.0224609375 0.04409857328145266
2 0.82568359375 0.38942931258106356 0.02880859375 0.05382619974059663
2 0.848876953125 0.39234760051880674 0.0224609375 0.03696498054474708
4 0.724853515625 0.5833333333333334 0.05029296875 0.05058365758754864
5 0.137451171875 0.029507133592736705 0.12548828125 0.05901426718547341