5 0.7389753566796369 0.351806640625 0.23540856031128404 0.11181640625
5 0.5314526588845655 0.315185546875 0.14526588845654995 0.0703125
5 0.383916990920882 0.292724609375 0.0946822308690013 0.04736328125
5 0.2438391699092088 0.23583984375 0.20946822308690013 0.12109375
5 0.13132295719844359 0.201171875 0.15304798962386512 0.10205078125
2 0.50810635538262 0.350341796875 0.03372243839169909 0.04638671875
2 0.5486381322957199 0.354736328125 0.040207522697795074 0.033203125
2 0.5729571984435797 0.35400390625 0.027885862516212712 0.0341796875
2 0.869325551232166 0.44140625 0.04215304798962387 0.06005859375
2 0.8965629053177692 0.437255859375 0.042801556420233464 0.06396484375
4 0.9649805447470817 0.589111328125 0.04798962386511025 0.0341796875