5 0.6789883268482491 0.31494140625 0.20881971465629054 0.09326171875
5 0.4714656290531777 0.31201171875 0.12386511024643321 0.052734375
5 0.31776913099870296 0.316162109375 0.06939040207522698 0.03857421875
5 0.16699092088197146 0.30224609375 0.16536964980544747 0.08544921875
5 0.05317769130998703 0.2900390625 0.10635538261997406 0.095703125
2 0.8440337224383917 0.367919921875 0.022697795071335927 0.03759765625
2 0.8576523994811932 0.36962890625 0.017509727626459144 0.037109375
2 0.4571984435797665 0.35546875 0.02594033722438392 0.0361328125
2 0.498378728923476 0.349853515625 0.023994811932555125 0.03369140625
2 0.5239948119325551 0.344482421875 0.019455252918287938 0.01904296875
4 0.9711413748378729 0.50439453125 0.05771725032425422 0.02734375