2 0.42236328125 0.2704280155642023 0.02294921875 0.08106355382619974
2 0.45361328125 0.23865110246433205 0.01708984375 0.040207522697795074
2 0.43994140625 0.23346303501945526 0.009765625 0.04345006485084306
2 0.5673828125 0.26264591439688717 0.029296875 0.07911802853437094
2 0.8701171875 0.3229571984435798 0.0634765625 0.1932555123216602
2 0.40185546875 0.23670557717250323 0.01953125 0.03372243839169909
2 0.20703125 0.29442282749675747 0.01708984375 0.05512321660181582
2 0.18798828125 0.2833981841763943 0.0205078125 0.035667963683527884
5 0.3046875 0.20428015564202334 0.16015625 0.10894941634241245
5 0.47412109375 0.191958495460441 0.087890625 0.061608300907911806
5 0.58984375 0.17898832684824903 0.0625 0.0648508430609598
5 0.6953125 0.1556420233463035 0.11376953125 0.11219195849546044
5 0.81787109375 0.13359273670557717 0.1259765625 0.13942931258106356
4 0.2666015625 0.5077821011673151 0.05712890625 0.035667963683527884
5 0.9443359375 0.15304798962386512 0.111328125 0.04215304798962387