2 0.8618677042801557 0.390869140625 0.018158236057068743 0.046875
2 0.8800259403372244 0.394287109375 0.014915693904020753 0.04052734375
2 0.4776264591439689 0.352783203125 0.0304798962386511 0.02880859375
2 0.522697795071336 0.3466796875 0.014915693904020753 0.02099609375
2 0.5473411154345007 0.344482421875 0.01556420233463035 0.02490234375
5 0.07976653696498054 0.2412109375 0.13942931258106356 0.1083984375
5 0.1832036316472114 0.320068359375 0.18028534370946822 0.17333984375
5 0.3547341115434501 0.3046875 0.04409857328145266 0.04248046875
5 0.4993514915693904 0.305908203125 0.1219195849546044 0.04931640625
5 0.6913099870298314 0.33251953125 0.17120622568093385 0.0888671875
4 0.9734111543450065 0.536376953125 0.051232166018158234 0.0244140625