2 0.1943359375 0.32684824902723736 0.0205078125 0.04798962386511025
2 0.174560546875 0.3138780804150454 0.01611328125 0.028534370946822308
2 0.3828125 0.2535667963683528 0.0234375 0.029182879377431907
2 0.40625 0.2921530479896239 0.0341796875 0.07846952010376135
2 0.435302734375 0.2487029831387808 0.0166015625 0.041504539559014265
2 0.42578125 0.2448119325551232 0.0107421875 0.04734111543450065
2 0.544677734375 0.26297016861219197 0.0400390625 0.0959792477302205
2 0.830810546875 0.29377431906614787 0.0615234375 0.20428015564202334
5 0.790771484375 0.11867704280155641 0.12939453125 0.1601815823605707
5 0.678955078125 0.13553826199740596 0.123046875 0.14332036316472113
5 0.45458984375 0.19617380025940337 0.0888671875 0.07392996108949416
5 0.56689453125 0.18028534370946822 0.06640625 0.06744487678339818
5 0.2822265625 0.2237354085603113 0.181640625 0.11219195849546044
4 0.26611328125 0.5379377431906615 0.05810546875 0.04409857328145266
5 0.920654296875 0.11316472114137484 0.1220703125 0.062905317769131