4 0.118408203125 0.4286640726329442 0.0615234375 0.057068741893644616
2 0.326171875 0.2438391699092088 0.0498046875 0.11284046692607004
2 0.602783203125 0.3151750972762646 0.060546875 0.14007782101167315
2 0.448486328125 0.23702983138780803 0.03369140625 0.08690012970168612
2 0.301513671875 0.17996108949416342 0.02734375 0.05317769130998703
2 0.34912109375 0.1922827496757458 0.02587890625 0.04928664072632944
2 0.08251953125 0.18417639429312582 0.02880859375 0.06355382619974059
5 0.857177734375 0.23216601815823606 0.1826171875 0.10570687418936446
5 0.71337890625 0.17315175097276264 0.13720703125 0.188715953307393
5 0.60302734375 0.16245136186770429 0.11767578125 0.1575875486381323
5 0.50146484375 0.17412451361867703 0.0625 0.06355382619974059
5 0.37939453125 0.13780804150453957 0.1259765625 0.10440985732814527
5 0.1953125 0.10830090791180286 0.20947265625 0.16601815823605706