2 0.8988326848249028 0.4755859375 0.05901426718547341 0.0751953125
2 0.7496757457846952 0.449462890625 0.029182879377431907 0.03955078125
2 0.7234111543450065 0.4462890625 0.04215304798962387 0.056640625
2 0.6932555123216602 0.44189453125 0.046044098573281456 0.07275390625
2 0.669260700389105 0.4267578125 0.02464332036316472 0.0380859375
2 0.6540207522697795 0.42138671875 0.02529182879377432 0.02978515625
2 0.5502594033722439 0.41552734375 0.040207522697795074 0.052734375
2 0.3638132295719844 0.398193359375 0.04085603112840467 0.05517578125
5 0.1922827496757458 0.279052734375 0.31841763942931256 0.16943359375
5 0.16893644617380027 0.376220703125 0.17315175097276264 0.1044921875
5 0.8210116731517509 0.361328125 0.35797665369649806 0.2919921875