5 0.9571984435797666 0.318603515625 0.08560311284046693 0.11669921875
5 0.8621919584954605 0.3740234375 0.19584954604409857 0.177734375
5 0.5593385214007782 0.310791015625 0.1303501945525292 0.05908203125
5 0.35830090791180286 0.299560546875 0.20298313878080415 0.103515625
2 0.52431906614786 0.346435546875 0.033073929961089495 0.03271484375
2 0.567769130998703 0.358154296875 0.03826199740596628 0.02978515625
2 0.5025940337224384 0.34375 0.016861219195849545 0.02392578125
2 0.1559662775616083 0.327392578125 0.040207522697795074 0.0498046875
2 0.18482490272373542 0.3291015625 0.035667963683527884 0.03759765625
4 0.0314526588845655 0.45654296875 0.062905317769131 0.033203125
5 0.7007133592736705 0.331787109375 0.07263294422827497 0.04541015625