2 0.614501953125 0.31809338521400776 0.0576171875 0.14656290531776914
2 0.448486328125 0.24221789883268482 0.03076171875 0.07328145265888457
2 0.3486328125 0.20233463035019456 0.01806640625 0.042801556420233464
2 0.32177734375 0.2448119325551232 0.04052734375 0.10570687418936446
2 0.298828125 0.1893644617380026 0.025390625 0.04928664072632944
4 0.123291015625 0.4400129701686122 0.05810546875 0.05188067444876784
2 0.079345703125 0.19066147859922178 0.0234375 0.05317769130998703
5 0.604736328125 0.17347600518806744 0.1005859375 0.13164721141374838
5 0.700439453125 0.17477302204928663 0.1279296875 0.16277561608300908
5 0.495361328125 0.18028534370946822 0.0537109375 0.05382619974059663
5 0.38525390625 0.1543450064850843 0.1123046875 0.0927367055771725
5 0.196044921875 0.125810635538262 0.19873046875 0.1608300907911803
5 0.850830078125 0.22600518806744488 0.1884765625 0.0946822308690013