2 0.84375 0.30544747081712065 0.064453125 0.1926070038910506
2 0.55908203125 0.25648508430609596 0.02734375 0.06744487678339818
2 0.412353515625 0.2905317769130999 0.01904296875 0.08171206225680934
2 0.44287109375 0.24189364461738003 0.0107421875 0.033073929961089495
2 0.43310546875 0.2448119325551232 0.00830078125 0.03372243839169909
2 0.39013671875 0.2441634241245136 0.0205078125 0.03631647211413749
2 0.199951171875 0.30836575875486383 0.01904296875 0.042801556420233464
2 0.1806640625 0.3018806744487678 0.015625 0.03437094682230869
5 0.300537109375 0.2172503242542153 0.1484375 0.11348897535667964
5 0.463623046875 0.19552529182879377 0.0966796875 0.06614785992217899
5 0.578125 0.185473411154345 0.04833984375 0.04539559014267185
5 0.690185546875 0.1517509727626459 0.119140625 0.11543450064850844
5 0.7998046875 0.11673151750972763 0.1298828125 0.1601815823605707
4 0.26904296875 0.52431906614786 0.05224609375 0.042801556420233464
5 0.931884765625 0.12710765239948119 0.11865234375 0.061608300907911806