5 0.875732421875 0.25616083009079116 0.205078125 0.14785992217898833
5 0.688232421875 0.2143320363164721 0.115234375 0.08365758754863813
5 0.575927734375 0.19617380025940337 0.05126953125 0.05382619974059663
5 0.47314453125 0.14072632944228275 0.12451171875 0.14396887159533073
5 0.362060546875 0.11284046692607004 0.12744140625 0.17315175097276264
5 0.218994140625 0.10084306095979248 0.171875 0.08949416342412451
2 0.4521484375 0.2785343709468223 0.05517578125 0.14526588845654995
2 0.612060546875 0.26815823605706873 0.02685546875 0.07522697795071336
2 0.71484375 0.2717250324254215 0.015625 0.04215304798962387
2 0.764404296875 0.2785343709468223 0.021484375 0.041504539559014265
2 0.728759765625 0.32555123216601817 0.0361328125 0.10765239948119326
2 0.97265625 0.3634889753566796 0.0283203125 0.061608300907911806
4 0.876708984375 0.5862516212710766 0.0712890625 0.06031128404669261