2 0.603759765625 0.2928015564202335 0.0380859375 0.0907911802853437
2 0.57666015625 0.2509727626459144 0.02197265625 0.04215304798962387
2 0.586181640625 0.2441634241245136 0.01318359375 0.03372243839169909
2 0.458251953125 0.2519455252918288 0.03271484375 0.08495460440985733
2 0.15185546875 0.25810635538262 0.0888671875 0.21011673151750973
2 0.81005859375 0.3424124513618677 0.0263671875 0.046044098573281456
2 0.8349609375 0.3411154345006485 0.0234375 0.04345006485084306
2 0.627685546875 0.25810635538262 0.0185546875 0.033073929961089495
5 0.721435546875 0.23929961089494164 0.15771484375 0.13229571984435798
5 0.560546875 0.19682230869001296 0.0986328125 0.08106355382619974
5 0.442626953125 0.17153047989623865 0.04248046875 0.058365758754863814
5 0.32861328125 0.10700389105058365 0.13232421875 0.17444876783398183
5 0.218994140625 0.08106355382619974 0.12646484375 0.1621271076523995
4 0.729736328125 0.5525291828793775 0.0546875 0.04798962386511025
5 0.098876953125 0.06809338521400778 0.119140625 0.07263294422827497