5 0.8056640625 0.13294422827496757 0.12109375 0.14461738002594035
5 0.68701171875 0.14980544747081712 0.11865234375 0.11348897535667964
5 0.5859375 0.1874189364461738 0.0439453125 0.04215304798962387
5 0.46923828125 0.191958495460441 0.087890625 0.058365758754863814
5 0.3046875 0.2133592736705577 0.150390625 0.11997405966277562
2 0.416015625 0.2808041504539559 0.0205078125 0.062905317769131
2 0.55224609375 0.25616083009079116 0.02783203125 0.07911802853437094
2 0.83203125 0.3216601815823606 0.05126953125 0.1867704280155642
2 0.44873046875 0.245136186770428 0.0146484375 0.04345006485084306
2 0.4375 0.23605706874189364 0.009765625 0.0324254215304799
2 0.39404296875 0.248378728923476 0.01318359375 0.040207522697795074
2 0.201171875 0.29442282749675747 0.01220703125 0.048638132295719845
2 0.18212890625 0.28664072632944226 0.0205078125 0.0324254215304799
4 0.26416015625 0.5149156939040207 0.05712890625 0.04669260700389105
5 0.93603515625 0.15239948119325553 0.12744140625 0.05317769130998703