2 0.16374837872892348 0.35009765625 0.02594033722438392 0.0322265625
2 0.14526588845654995 0.3486328125 0.02529182879377432 0.03564453125
2 0.5535019455252919 0.360107421875 0.03501945525291829 0.03564453125
2 0.5100518806744487 0.3486328125 0.022697795071335927 0.021484375
2 0.4889753566796368 0.345458984375 0.01621271076523995 0.0205078125
5 0.8505188067444877 0.316162109375 0.19455252918287938 0.10498046875
5 0.941958495460441 0.296630859375 0.11608300907911803 0.12353515625
5 0.7013618677042801 0.32958984375 0.0933852140077821 0.05029296875
5 0.5463683527885862 0.314208984375 0.15888456549935148 0.06640625
5 0.32717250324254216 0.30615234375 0.23346303501945526 0.1171875
4 0.02237354085603113 0.479248046875 0.04474708171206226 0.02978515625