2 0.14656290531776914 0.38427734375 0.02594033722438392 0.03515625
2 0.12710765239948119 0.3837890625 0.01621271076523995 0.03662109375
2 0.5246433203631647 0.35107421875 0.023994811932555125 0.02783203125
2 0.4876783398184176 0.3486328125 0.020752269779507133 0.02783203125
2 0.46303501945525294 0.34326171875 0.017509727626459144 0.01953125
5 0.9312581063553826 0.2568359375 0.13683527885862518 0.09912109375
5 0.8236057068741893 0.33251953125 0.16601815823605706 0.1875
5 0.5129701686121919 0.3125 0.11997405966277562 0.0390625
5 0.3028534370946822 0.32275390625 0.20492866407263294 0.08203125
4 0.02529182879377432 0.5283203125 0.04993514915693904 0.01953125
5 0.6549935149156939 0.30859375 0.06614785992217899 0.0341796875