2 0.778076171875 0.32684824902723736 0.0244140625 0.04345006485084306
2 0.739501953125 0.3634889753566796 0.0419921875 0.10116731517509728
2 0.72705078125 0.30706874189364464 0.02294921875 0.03826199740596628
2 0.623291015625 0.29636835278858625 0.033203125 0.07717250324254216
2 0.447998046875 0.2730220492866407 0.06640625 0.1517509727626459
2 0.973388671875 0.44163424124513617 0.02978515625 0.062905317769131
5 0.39892578125 0.10570687418936446 0.12890625 0.1815823605706874
5 0.256591796875 0.054474708171206226 0.17724609375 0.10894941634241245
5 0.495849609375 0.13845654993514916 0.12353515625 0.14915693904020752
5 0.60009765625 0.20557717250324253 0.0537109375 0.06809338521400778
5 0.71484375 0.23702983138780803 0.1201171875 0.10765239948119326
5 0.884033203125 0.31971465629053175 0.18896484375 0.17185473411154345
4 0.85986328125 0.6446173800259404 0.05810546875 0.055771725032425425