2 0.6162109375 0.3206874189364462 0.0712890625 0.1562905317769131
2 0.4521484375 0.23540856031128404 0.0322265625 0.07263294422827497
2 0.35205078125 0.1922827496757458 0.01806640625 0.03955901426718547
2 0.3251953125 0.24351491569390402 0.04833984375 0.10894941634241245
2 0.3017578125 0.1825551232166018 0.01953125 0.040207522697795074
2 0.082763671875 0.17704280155642024 0.0283203125 0.051232166018158234
4 0.117919921875 0.4351491569390402 0.07373046875 0.06939040207522698
5 0.205322265625 0.11738002594033722 0.1845703125 0.15369649805447472
5 0.3857421875 0.14883268482490272 0.1181640625 0.08884565499351492
5 0.500732421875 0.17898832684824903 0.05712890625 0.05901426718547341
5 0.61572265625 0.17574578469520102 0.12109375 0.14007782101167315
5 0.719482421875 0.1835278858625162 0.1220703125 0.16342412451361868
5 0.861572265625 0.23249027237354086 0.1767578125 0.10181582360570687