2 0.4208984375 0.2840466926070039 0.02783203125 0.07587548638132295
2 0.39697265625 0.2438391699092088 0.01953125 0.04539559014267185
2 0.4501953125 0.24319066147859922 0.0107421875 0.04669260700389105
2 0.43896484375 0.23540856031128404 0.009765625 0.03372243839169909
2 0.5595703125 0.26394293125810636 0.03271484375 0.07782101167315175
2 0.83251953125 0.3158236057068742 0.06494140625 0.17898832684824903
2 0.20703125 0.29571984435797666 0.01953125 0.05317769130998703
2 0.1875 0.2846952010376135 0.01220703125 0.02594033722438392
5 0.3076171875 0.21595330739299612 0.134765625 0.11867704280155641
5 0.47509765625 0.19066147859922178 0.091796875 0.05188067444876784
5 0.5859375 0.1893644617380026 0.0439453125 0.04993514915693904
5 0.6923828125 0.15888456549935148 0.1220703125 0.11867704280155641
5 0.8125 0.13683527885862518 0.11474609375 0.14267185473411154
4 0.26904296875 0.5168612191958496 0.044921875 0.03372243839169909
5 0.93896484375 0.14591439688715954 0.1220703125 0.05966277561608301