5 0.2924773022049287 0.32373046875 0.20622568093385213 0.08056640625
5 0.5149156939040207 0.30810546875 0.12840466926070038 0.04248046875
5 0.6621271076523995 0.3037109375 0.06809338521400778 0.0341796875
5 0.8022049286640727 0.330078125 0.13618677042801555 0.15771484375
5 0.9377431906614786 0.2626953125 0.12386511024643321 0.06494140625
2 0.5239948119325551 0.35302734375 0.01621271076523995 0.0341796875
2 0.4876783398184176 0.34619140625 0.017509727626459144 0.03515625
2 0.4591439688715953 0.345703125 0.01297016861219196 0.02685546875
2 0.14332036316472113 0.3818359375 0.01621271076523995 0.04248046875
2 0.1245136186770428 0.38427734375 0.020752269779507133 0.03759765625
4 0.02464332036316472 0.52685546875 0.048638132295719845 0.02197265625