2 0.18603515625 0.2924773022049287 0.01708984375 0.023994811932555125
2 0.20654296875 0.29961089494163423 0.0205078125 0.04215304798962387
2 0.4189453125 0.28664072632944226 0.01708984375 0.07457846952010376
2 0.55615234375 0.26264591439688717 0.029296875 0.08300907911802853
2 0.84326171875 0.31971465629053175 0.0634765625 0.1932555123216602
2 0.451171875 0.23929961089494164 0.01220703125 0.035667963683527884
2 0.439453125 0.23411154345006485 0.0107421875 0.04215304798962387
2 0.39599609375 0.23411154345006485 0.0146484375 0.02594033722438392
5 0.810546875 0.14591439688715954 0.12109375 0.13813229571984437
5 0.701171875 0.1601815823605707 0.10009765625 0.1251621271076524
5 0.58642578125 0.19584954604409857 0.0625 0.04993514915693904
5 0.47802734375 0.19066147859922178 0.0830078125 0.058365758754863814
5 0.310546875 0.20233463035019456 0.1455078125 0.11219195849546044
4 0.2646484375 0.5181582360570688 0.0537109375 0.040207522697795074
5 0.93896484375 0.15239948119325553 0.1220703125 0.05317769130998703