5 0.640869140625 0.11511024643320363 0.11572265625 0.14656290531776914
5 0.537353515625 0.14396887159533073 0.10400390625 0.12775616083009078
5 0.446044921875 0.1861219195849546 0.06640625 0.055771725032425425
5 0.323486328125 0.21011673151750973 0.10791015625 0.06355382619974059
5 0.140869140625 0.24156939040207523 0.185546875 0.13229571984435798
2 0.04052734375 0.34824902723735407 0.021484375 0.058365758754863814
2 0.280029296875 0.31712062256809337 0.0302734375 0.09533073929961089
2 0.301513671875 0.26264591439688717 0.025390625 0.04474708171206226
2 0.404296875 0.26750972762645914 0.025390625 0.07652399481193256
2 0.582763671875 0.2827496757457847 0.04541015625 0.14007782101167315
2 0.25 0.26880674448767833 0.01953125 0.04085603112840467
5 0.80419921875 0.10992217898832685 0.16455078125 0.07392996108949416
4 0.12890625 0.5729571984435797 0.0546875 0.042801556420233464