5 0.2853437094682231 0.336181640625 0.22114137483787288 0.08837890625
5 0.4795719844357977 0.30908203125 0.14785992217898833 0.04638671875
5 0.6449416342412452 0.295166015625 0.04798962386511025 0.04931640625
5 0.7882619974059663 0.2509765625 0.1543450064850843 0.1015625
5 0.9085603112840467 0.23583984375 0.14461738002594035 0.10595703125
2 0.5188067444876784 0.35107421875 0.033073929961089495 0.04150390625
2 0.4773022049286641 0.352294921875 0.023346303501945526 0.02783203125
2 0.45103761348897536 0.350341796875 0.029182879377431907 0.02099609375
2 0.13391699092088197 0.4013671875 0.018158236057068743 0.03955078125
2 0.12062256809338522 0.406494140625 0.01621271076523995 0.0380859375
4 0.029831387808041506 0.5537109375 0.054474708171206226 0.03515625