2 0.559814453125 0.26426718547341116 0.037109375 0.09014267185473411
2 0.525390625 0.23313878080415046 0.021484375 0.041504539559014265
2 0.533447265625 0.2234111543450065 0.0126953125 0.03372243839169909
2 0.411376953125 0.27464332036316474 0.03173828125 0.08430609597924774
2 0.116455078125 0.3861867704280156 0.0859375 0.20946822308690013
2 0.768798828125 0.24124513618677043 0.02587890625 0.04539559014267185
2 0.79248046875 0.23151750972762647 0.02294921875 0.042801556420233464
2 0.576171875 0.22243839169909208 0.01806640625 0.033073929961089495
5 0.6630859375 0.17217898832684825 0.15673828125 0.12905317769131
5 0.49951171875 0.1864461738002594 0.09814453125 0.07911802853437094
5 0.380615234375 0.20265888456549935 0.0419921875 0.05771725032425422
5 0.2578125 0.17963683527885863 0.13037109375 0.17185473411154345
5 0.146728515625 0.19098573281452658 0.12451171875 0.1614785992217899
4 0.732177734375 0.4721141374837873 0.0546875 0.04669260700389105
5 0.0439453125 0.2204928664072633 0.087890625 0.07003891050583658