2 0.5278858625162127 0.3525390625 0.027237354085603113 0.0302734375
2 0.48443579766536965 0.34423828125 0.017509727626459144 0.029296875
2 0.4597924773022049 0.341796875 0.011024643320363165 0.01953125
2 0.14267185473411154 0.38525390625 0.017509727626459144 0.0302734375
2 0.12386511024643321 0.38525390625 0.01621271076523995 0.03271484375
5 0.9383916990920882 0.25537109375 0.11867704280155641 0.09912109375
5 0.8171206225680934 0.33203125 0.15888456549935148 0.17626953125
5 0.6517509727626459 0.30126953125 0.05317769130998703 0.04638671875
5 0.51621271076524 0.310546875 0.11997405966277562 0.0546875
5 0.29571984435797666 0.3271484375 0.19974059662775617 0.087890625
4 0.02464332036316472 0.5283203125 0.048638132295719845 0.0244140625