2 0.8446822308690013 0.36767578125 0.019455252918287938 0.04443359375
2 0.8605706874189365 0.369384765625 0.016861219195849545 0.03466796875
2 0.4607652399481193 0.3544921875 0.02529182879377432 0.03515625
2 0.4996757457846952 0.347900390625 0.018158236057068743 0.02490234375
2 0.5256160830090791 0.343994140625 0.021400778210116732 0.02587890625
5 0.05674448767833982 0.27490234375 0.11348897535667964 0.087890625
5 0.1611543450064851 0.3515625 0.19779507133592736 0.185546875
5 0.3213359273670558 0.32177734375 0.0648508430609598 0.0537109375
5 0.47341115434500647 0.316162109375 0.13488975356679636 0.0498046875
5 0.6789883268482491 0.31787109375 0.20881971465629054 0.09228515625
4 0.9750324254215305 0.508544921875 0.04993514915693904 0.02490234375