2 0.251708984375 0.20395590142671854 0.03173828125 0.05901426718547341
2 0.23193359375 0.1825551232166018 0.02587890625 0.04993514915693904
2 0.4638671875 0.25810635538262 0.041015625 0.08430609597924774
2 0.448486328125 0.21173800259403372 0.021484375 0.03761348897535668
2 0.48876953125 0.2169260700389105 0.01904296875 0.042801556420233464
2 0.50146484375 0.22989623865110245 0.02783203125 0.05317769130998703
2 0.607666015625 0.2905317769130999 0.03955078125 0.08106355382619974
2 0.900634765625 0.4487678339818418 0.091796875 0.21206225680933852
5 0.872802734375 0.2438391699092088 0.13916015625 0.18482490272373542
5 0.753173828125 0.22957198443579765 0.15625 0.17833981841763943
5 0.64892578125 0.2243839169909209 0.05810546875 0.061608300907911806
5 0.534423828125 0.1880674448767834 0.1162109375 0.08690012970168612
5 0.364501953125 0.14980544747081712 0.1689453125 0.15953307392996108
4 0.27099609375 0.435473411154345 0.0595703125 0.058365758754863814
5 0.96728515625 0.3018806744487678 0.0654296875 0.07846952010376135