2 0.205078125 0.2924773022049287 0.02294921875 0.05317769130998703
2 0.18212890625 0.2782101167315175 0.01806640625 0.04539559014267185
2 0.4208984375 0.27691309987029833 0.02783203125 0.07782101167315175
2 0.3974609375 0.23670557717250323 0.015625 0.03372243839169909
2 0.4375 0.22892347600518806 0.01220703125 0.040207522697795074
2 0.4521484375 0.23735408560311283 0.01953125 0.048638132295719845
2 0.56640625 0.2619974059662776 0.02685546875 0.07457846952010376
2 0.87939453125 0.3216601815823606 0.05712890625 0.19974059662775617
5 0.81494140625 0.13164721141374838 0.11474609375 0.15239948119325553
5 0.6962890625 0.1562905317769131 0.134765625 0.13942931258106356
5 0.59423828125 0.18482490272373542 0.05126953125 0.04669260700389105
5 0.4765625 0.1861219195849546 0.10986328125 0.05317769130998703
5 0.3046875 0.20363164721141375 0.15283203125 0.11348897535667964
4 0.26611328125 0.5110246433203631 0.0537109375 0.04215304798962387
5 0.94287109375 0.14915693904020752 0.11376953125 0.04345006485084306