5 0.146484375 0.19779507133592736 0.1845703125 0.13488975356679636
5 0.3349609375 0.1874189364461738 0.10888671875 0.05512321660181582
5 0.44873046875 0.188715953307393 0.05126953125 0.04539559014267185
5 0.5546875 0.14980544747081712 0.10400390625 0.11024643320363164
5 0.66357421875 0.13294422827496757 0.11376953125 0.14461738002594035
5 0.80859375 0.14721141374837873 0.17138671875 0.05642023346303502
2 0.572265625 0.2924773022049287 0.03662109375 0.13488975356679636
2 0.4091796875 0.25421530479896237 0.0244140625 0.07457846952010376
2 0.31005859375 0.23411154345006485 0.01220703125 0.038910505836575876
2 0.28857421875 0.2905317769130999 0.025390625 0.10570687418936446
2 0.26025390625 0.23735408560311283 0.01806640625 0.04539559014267185
2 0.04248046875 0.29442282749675747 0.015625 0.0648508430609598
4 0.115234375 0.5304798962386511 0.06103515625 0.029182879377431907