5 0.29961089494163423 0.32373046875 0.188715953307393 0.07568359375
5 0.5175097276264592 0.31298828125 0.1297016861219196 0.044921875
5 0.6588845654993515 0.314453125 0.07457846952010376 0.03515625
5 0.8236057068741893 0.3271484375 0.1556420233463035 0.16650390625
5 0.9293125810635539 0.25048828125 0.13942931258106356 0.09423828125
2 0.5278858625162127 0.3515625 0.03696498054474708 0.0341796875
2 0.4876783398184176 0.3466796875 0.027237354085603113 0.03173828125
2 0.46303501945525294 0.34228515625 0.017509727626459144 0.02294921875
2 0.14267185473411154 0.38037109375 0.014267185473411154 0.04248046875
2 0.12775616083009078 0.384765625 0.020752269779507133 0.03173828125
4 0.02594033722438392 0.52880859375 0.05188067444876784 0.0302734375