2 0.57861328125 0.2931258106355383 0.04150390625 0.13618677042801555
2 0.4140625 0.2594033722438392 0.02197265625 0.06614785992217899
2 0.29248046875 0.28858625162127105 0.0205078125 0.09922178988326848
2 0.31201171875 0.23865110246433205 0.015625 0.040207522697795074
2 0.26123046875 0.23735408560311283 0.0146484375 0.038910505836575876
2 0.0439453125 0.29442282749675747 0.01953125 0.0648508430609598
4 0.12060546875 0.5291828793774319 0.0595703125 0.05512321660181582
5 0.81640625 0.14396887159533073 0.18115234375 0.062905317769131
5 0.66162109375 0.13618677042801555 0.10986328125 0.1608300907911803
5 0.55810546875 0.15369649805447472 0.10400390625 0.11867704280155641
5 0.45166015625 0.182230869001297 0.05224609375 0.04539559014267185
5 0.33837890625 0.18482490272373542 0.10986328125 0.05642023346303502
5 0.1494140625 0.20103761348897536 0.1884765625 0.11867704280155641