5 0.7234111543450065 0.3349609375 0.2133592736705577 0.09130859375
5 0.5029182879377432 0.307861328125 0.13229571984435798 0.04931640625
5 0.35635538261997407 0.295654296875 0.07133592736705577 0.03759765625
5 0.2143320363164721 0.314697265625 0.1504539559014267 0.16455078125
5 0.08527885862516213 0.240234375 0.1297016861219196 0.0712890625
2 0.4896238651102464 0.35205078125 0.019455252918287938 0.03515625
2 0.5265888456549935 0.34716796875 0.020752269779507133 0.0361328125
2 0.5551232166018158 0.34814453125 0.01556420233463035 0.02734375
2 0.8667315175097277 0.40087890625 0.020103761348897537 0.04345703125
2 0.8852140077821011 0.404296875 0.023994811932555125 0.03857421875
4 0.9717898832684825 0.5517578125 0.05058365758754864 0.0244140625