2 0.8486328125 0.3216601815823606 0.0595703125 0.19001297016861218
2 0.5654296875 0.2594033722438392 0.025390625 0.06614785992217899
2 0.41796875 0.28664072632944226 0.01708984375 0.08106355382619974
2 0.44970703125 0.23929961089494164 0.009765625 0.0324254215304799
2 0.43994140625 0.24189364461738003 0.00732421875 0.03372243839169909
2 0.39697265625 0.23929961089494164 0.01953125 0.035667963683527884
2 0.205078125 0.29442282749675747 0.01806640625 0.04215304798962387
2 0.18603515625 0.28728923476005186 0.0146484375 0.03372243839169909
5 0.30810546875 0.20817120622568094 0.1455078125 0.10700389105058365
5 0.4716796875 0.19390402075226978 0.09521484375 0.061608300907911806
5 0.58642578125 0.1893644617380026 0.04736328125 0.04345006485084306
5 0.69921875 0.1608300907911803 0.1162109375 0.11024643320363164
5 0.8095703125 0.1309987029831388 0.1259765625 0.1543450064850843
4 0.2685546875 0.5136186770428015 0.05126953125 0.040207522697795074
5 0.94140625 0.14721141374837873 0.1171875 0.05642023346303502