2 0.215087890625 0.22859922178988326 0.0791015625 0.19390402075226978
2 0.482421875 0.251621271076524 0.03125 0.08171206225680934
2 0.589111328125 0.2704280155642023 0.021484375 0.048638132295719845
2 0.602783203125 0.26653696498054474 0.0146484375 0.035667963683527884
2 0.611572265625 0.32003891050583655 0.0341796875 0.10051880674448768
2 0.64306640625 0.27658884565499353 0.01806640625 0.03631647211413749
2 0.82275390625 0.3861867704280156 0.02587890625 0.04669260700389105
2 0.842041015625 0.38975356679636836 0.02099609375 0.029831387808041506
5 0.257568359375 0.06841763942931259 0.13037109375 0.13683527885862518
5 0.35888671875 0.11219195849546044 0.12353515625 0.15888456549935148
5 0.464111328125 0.17574578469520102 0.0419921875 0.061608300907911806
5 0.574951171875 0.20557717250324253 0.0927734375 0.08819714656290532
5 0.7373046875 0.27399481193255515 0.17138671875 0.1511024643320363
4 0.724853515625 0.5852788586251622 0.05322265625 0.055771725032425425
5 0.131103515625 0.041504539559014265 0.13916015625 0.08300907911802853