2 0.17626953125 0.40012970168612194 0.02587890625 0.051232166018158234
2 0.155029296875 0.39169909208819714 0.01904296875 0.0311284046692607
2 0.352294921875 0.2843709468223087 0.0263671875 0.03372243839169909
2 0.380615234375 0.31712062256809337 0.04296875 0.08365758754863813
2 0.403564453125 0.26718547341115434 0.021484375 0.04345006485084306
2 0.3935546875 0.26588845654993515 0.0166015625 0.04798962386511025
2 0.51318359375 0.25648508430609596 0.05078125 0.10116731517509728
2 0.798828125 0.2204928664072633 0.0859375 0.21011673151750973
5 0.736328125 0.07457846952010376 0.1455078125 0.14915693904020752
5 0.628662109375 0.09987029831387809 0.13720703125 0.16601815823605706
5 0.41552734375 0.21108949416342412 0.0947265625 0.0914396887159533
5 0.524169921875 0.16990920881971466 0.07275390625 0.08041504539559015
5 0.24951171875 0.2782101167315175 0.189453125 0.14980544747081712
4 0.274658203125 0.5914396887159533 0.0615234375 0.055771725032425425
5 0.863525390625 0.033073929961089495 0.12548828125 0.06614785992217899