2 0.570556640625 0.2788586251621271 0.03076171875 0.07782101167315175
2 0.5927734375 0.23702983138780803 0.021484375 0.04669260700389105
2 0.53955078125 0.23994811932555124 0.0126953125 0.04734111543450065
2 0.550537109375 0.23151750972762647 0.01123046875 0.03437094682230869
2 0.43115234375 0.26848249027237353 0.03564453125 0.07976653696498054
2 0.16064453125 0.33916990920881973 0.07177734375 0.1835278858625162
2 0.784423828125 0.27561608300907914 0.021484375 0.054474708171206226
2 0.803466796875 0.26329442282749677 0.01318359375 0.026588845654993514
5 0.680908203125 0.20298313878080415 0.13916015625 0.12775616083009078
5 0.5126953125 0.1893644617380026 0.09375 0.058365758754863814
5 0.40185546875 0.19584954604409857 0.0458984375 0.05317769130998703
5 0.29443359375 0.17282749675745784 0.12646484375 0.12710765239948119
5 0.173583984375 0.15920881971465628 0.1201171875 0.1504539559014267
4 0.731201171875 0.5006485084306096 0.04638671875 0.03696498054474708
5 0.0546875 0.17671854734111545 0.109375 0.06809338521400778