2 0.2890625 0.2905317769130999 0.02685546875 0.11543450064850844
2 0.40869140625 0.25421530479896237 0.025390625 0.08430609597924774
2 0.56884765625 0.2911802853437095 0.0341796875 0.13294422827496757
2 0.31103515625 0.23994811932555124 0.0146484375 0.04669260700389105
2 0.26123046875 0.23216601815823606 0.0146484375 0.04669260700389105
2 0.04296875 0.28793774319066145 0.02685546875 0.058365758754863814
5 0.80712890625 0.15304798962386512 0.1796875 0.05512321660181582
5 0.658203125 0.14267185473411154 0.10986328125 0.1608300907911803
5 0.548828125 0.14980544747081712 0.107421875 0.11348897535667964
5 0.45654296875 0.188715953307393 0.06494140625 0.04539559014267185
5 0.33203125 0.18482490272373542 0.10986328125 0.05966277561608301
5 0.1494140625 0.20038910505836577 0.17626953125 0.11348897535667964
4 0.1220703125 0.5246433203631647 0.0673828125 0.040207522697795074