5 0.17704280155642024 0.3779296875 0.3540856031128405 0.298828125
5 0.7953955901426718 0.278076171875 0.33073929961089493 0.1796875
5 0.8223086900129701 0.364013671875 0.14591439688715954 0.08837890625
2 0.6410505836575876 0.396484375 0.05252918287937743 0.06396484375
2 0.4464980544747082 0.418212890625 0.04409857328145266 0.0478515625
2 0.2804798962386511 0.454833984375 0.04215304798962387 0.06396484375
2 0.30739299610894943 0.449951171875 0.03955901426718547 0.064453125
2 0.2535667963683528 0.45849609375 0.0304798962386511 0.04443359375
2 0.3320363164721141 0.43359375 0.022697795071335927 0.0341796875
2 0.34922178988326846 0.43115234375 0.023994811932555125 0.0380859375
2 0.11348897535667964 0.493408203125 0.057068741893644616 0.08349609375