2 0.14332036316472113 0.38134765625 0.01621271076523995 0.04638671875
2 0.1251621271076524 0.38427734375 0.01297016861219196 0.0400390625
2 0.5291828793774319 0.353515625 0.029182879377431907 0.02783203125
2 0.48443579766536965 0.34619140625 0.014267185473411154 0.0205078125
2 0.4597924773022049 0.34326171875 0.014267185473411154 0.0244140625
5 0.9319066147859922 0.25244140625 0.13488975356679636 0.10498046875
5 0.8249027237354085 0.32861328125 0.17250324254215305 0.1689453125
5 0.6543450064850843 0.30859375 0.04215304798962387 0.04150390625
5 0.5097276264591439 0.30615234375 0.11997405966277562 0.04638671875
5 0.3164721141374838 0.32763671875 0.16731517509727625 0.08447265625
4 0.02529182879377432 0.52392578125 0.04993514915693904 0.02294921875