2 0.870849609375 0.4390402075226978 0.09228515625 0.20363164721141375
2 0.607421875 0.28761348897535666 0.03662109375 0.07263294422827497
2 0.459228515625 0.26653696498054474 0.03125 0.08430609597924774
2 0.498779296875 0.23086900129701687 0.015625 0.03437094682230869
2 0.48876953125 0.23022049286640725 0.01318359375 0.03501945525291829
2 0.447509765625 0.2140077821011673 0.025390625 0.04085603112840467
2 0.251220703125 0.20590142671854733 0.025390625 0.04669260700389105
2 0.234130859375 0.1926070038910506 0.0205078125 0.03761348897535668
5 0.366943359375 0.1553177691309987 0.16064453125 0.1504539559014267
5 0.5283203125 0.19390402075226978 0.103515625 0.09014267185473411
5 0.640380859375 0.22632944228274968 0.0537109375 0.057068741893644616
5 0.755126953125 0.23476005188067445 0.1328125 0.14461738002594035
5 0.86767578125 0.24156939040207523 0.150390625 0.19001297016861218
4 0.27294921875 0.438715953307393 0.05712890625 0.055771725032425425
5 0.96533203125 0.29961089494163423 0.0693359375 0.09208819714656291