5 0.2939453125 0.20719844357976655 0.16796875 0.11284046692607004
5 0.466552734375 0.18482490272373542 0.09619140625 0.07328145265888457
5 0.581787109375 0.17898832684824903 0.0615234375 0.04993514915693904
5 0.689208984375 0.14007782101167315 0.111328125 0.125810635538262
5 0.80078125 0.12386511024643321 0.11328125 0.1569390402075227
2 0.8662109375 0.31776913099870296 0.05859375 0.20103761348897536
2 0.560791015625 0.2594033722438392 0.025390625 0.06874189364461739
2 0.41357421875 0.2730220492866407 0.01806640625 0.07328145265888457
2 0.45068359375 0.24675745784695202 0.02099609375 0.042801556420233464
2 0.43603515625 0.23865110246433205 0.0087890625 0.0324254215304799
2 0.396484375 0.2454604409857328 0.0185546875 0.03437094682230869
2 0.204833984375 0.29669260700389105 0.02587890625 0.05252918287937743
2 0.1796875 0.28891050583657585 0.017578125 0.042801556420233464
4 0.264404296875 0.5217250324254216 0.0576171875 0.04345006485084306
5 0.928466796875 0.13910505836575876 0.1337890625 0.04993514915693904