2 0.13715953307392997 0.401123046875 0.023994811932555125 0.03515625
2 0.11835278858625162 0.402587890625 0.023346303501945526 0.04345703125
2 0.5155642023346303 0.354248046875 0.02594033722438392 0.03759765625
2 0.4773022049286641 0.347412109375 0.02594033722438392 0.03759765625
2 0.45136186770428016 0.347900390625 0.02204928664072633 0.02783203125
5 0.9092088197146563 0.229248046875 0.13683527885862518 0.09912109375
5 0.7892347600518806 0.262451171875 0.1926070038910506 0.09033203125
5 0.6358625162127107 0.298583984375 0.07522697795071336 0.0498046875
5 0.49513618677042803 0.308349609375 0.1264591439688716 0.04296875
5 0.29798962386511024 0.333984375 0.22114137483787288 0.08935546875
4 0.031776913099870296 0.554443359375 0.057068741893644616 0.0283203125