5 0.2548828125 0.05609597924773022 0.1640625 0.11219195849546044
5 0.4111328125 0.0907911802853437 0.13671875 0.1815823605706874
5 0.510986328125 0.13878080415045396 0.11376953125 0.1575875486381323
5 0.601806640625 0.20492866407263294 0.056640625 0.06031128404669261
5 0.718017578125 0.24675745784695202 0.12744140625 0.09792477302204929
5 0.87890625 0.30479896238651105 0.17626953125 0.1556420233463035
2 0.45751953125 0.2726977950713359 0.0693359375 0.15304798962386512
2 0.627197265625 0.28891050583657585 0.0400390625 0.07846952010376135
2 0.729248046875 0.30512321660181585 0.021484375 0.03955901426718547
2 0.741455078125 0.3634889753566796 0.046875 0.10700389105058365
2 0.7802734375 0.3236057068741894 0.02294921875 0.04734111543450065
2 0.980224609375 0.4396887159533074 0.0341796875 0.05966277561608301
4 0.862548828125 0.6514267185473411 0.0615234375 0.061608300907911806