2 0.58349609375 0.2905317769130999 0.04345703125 0.14137483787289234
2 0.4091796875 0.2623216601815824 0.02392578125 0.07068741893644617
2 0.305419921875 0.2506485084306096 0.01416015625 0.04085603112840467
2 0.28564453125 0.29961089494163423 0.0302734375 0.10181582360570687
2 0.254638671875 0.2519455252918288 0.0205078125 0.046044098573281456
4 0.1220703125 0.5453955901426718 0.0546875 0.042801556420233464
2 0.040283203125 0.3135538261997406 0.0185546875 0.05058365758754864
5 0.551513671875 0.1517509727626459 0.08984375 0.11738002594033722
5 0.64501953125 0.1267833981841764 0.11474609375 0.14461738002594035
5 0.4453125 0.1883916990920882 0.0498046875 0.04539559014267185
5 0.333740234375 0.193579766536965 0.10693359375 0.07392996108949416
5 0.144287109375 0.2178988326848249 0.18896484375 0.12840466926070038
5 0.800048828125 0.13488975356679636 0.18603515625 0.061608300907911806