5 0.189453125 0.14007782101167315 0.123046875 0.14721141374837873
5 0.308349609375 0.1543450064850843 0.1201171875 0.11608300907911803
5 0.409912109375 0.1893644617380026 0.04443359375 0.04345006485084306
5 0.526611328125 0.19130998702983137 0.0888671875 0.06031128404669261
5 0.69140625 0.20881971465629054 0.15185546875 0.12321660181582361
2 0.5810546875 0.2788586251621271 0.021484375 0.06355382619974059
2 0.444580078125 0.25745784695201035 0.02880859375 0.07976653696498054
2 0.165771484375 0.32944228274967574 0.0537109375 0.1880674448767834
2 0.5478515625 0.2438391699092088 0.01513671875 0.04409857328145266
2 0.55908203125 0.23476005188067445 0.01025390625 0.0324254215304799
2 0.6025390625 0.24610894941634243 0.013671875 0.040207522697795074
2 0.796142578125 0.28761348897535666 0.0126953125 0.048638132295719845
2 0.81494140625 0.2791828793774319 0.02099609375 0.033073929961089495
4 0.736083984375 0.5094033722438391 0.0576171875 0.04798962386511025
5 0.061767578125 0.16245136186770429 0.12353515625 0.05642023346303502