2 0.14721141374837873 0.38232421875 0.020752269779507133 0.0341796875
2 0.12840466926070038 0.3828125 0.019455252918287938 0.04248046875
2 0.5291828793774319 0.35546875 0.022697795071335927 0.03662109375
2 0.4915693904020752 0.3466796875 0.022697795071335927 0.03662109375
2 0.4656290531776913 0.345703125 0.019455252918287938 0.02685546875
5 0.9332036316472114 0.25146484375 0.12840466926070038 0.0927734375
5 0.8106355382619974 0.2783203125 0.185473411154345 0.08056640625
5 0.6543450064850843 0.30615234375 0.07133592736705577 0.04638671875
5 0.5129701686121919 0.30859375 0.12321660181582361 0.03662109375
5 0.3138780804150454 0.32373046875 0.2146562905317769 0.078125
4 0.027885862516212712 0.52978515625 0.05512321660181582 0.025390625