2 0.4584954604409857 0.354248046875 0.029831387808041506 0.03173828125
2 0.5009727626459144 0.34375 0.020103761348897537 0.0302734375
2 0.5252918287937743 0.340087890625 0.01297016861219196 0.02001953125
2 0.8459792477302205 0.36669921875 0.020103761348897537 0.03125
2 0.8644617380025941 0.36572265625 0.019455252918287938 0.03369140625
5 0.05188067444876784 0.279052734375 0.10376134889753567 0.10498046875
5 0.16796368352788585 0.34912109375 0.17509727626459143 0.18408203125
5 0.33009079118028534 0.309814453125 0.057068741893644616 0.048828125
5 0.4662775616083009 0.311767578125 0.1245136186770428 0.06103515625
5 0.6877431906614786 0.31689453125 0.20752269779507135 0.09814453125
4 0.97568093385214 0.503173828125 0.048638132295719845 0.02685546875