5 0.69873046875 0.13618677042801555 0.1123046875 0.18028534370946822
5 0.81005859375 0.13618677042801555 0.1025390625 0.18028534370946822
5 0.3203125 0.20038910505836577 0.14794921875 0.10376134889753567
5 0.470703125 0.17639429312581065 0.09521484375 0.08625162127107652
5 0.59375 0.188715953307393 0.04248046875 0.05188067444876784
2 0.87890625 0.3203631647211414 0.05859375 0.20168612191958496
2 0.564453125 0.2587548638132296 0.0302734375 0.08430609597924774
2 0.41748046875 0.27496757457846954 0.0205078125 0.08754863813229571
2 0.451171875 0.24189364461738003 0.009765625 0.04669260700389105
2 0.3984375 0.23735408560311283 0.01953125 0.038910505836575876
2 0.20703125 0.28728923476005186 0.0146484375 0.040207522697795074
2 0.18505859375 0.28793774319066145 0.0146484375 0.0324254215304799
2 0.4404296875 0.23281452658884566 0.00830078125 0.04215304798962387
4 0.27197265625 0.5103761348897535 0.05126953125 0.040207522697795074
5 0.9375 0.14267185473411154 0.125 0.05642023346303502