2 0.04736328125 0.29701686121919585 0.0205078125 0.05642023346303502
2 0.25927734375 0.23929961089494164 0.01806640625 0.035667963683527884
2 0.29052734375 0.2931258106355383 0.0341796875 0.09727626459143969
2 0.31396484375 0.22892347600518806 0.01708984375 0.04345006485084306
2 0.41650390625 0.2607003891050584 0.029296875 0.08106355382619974
2 0.58935546875 0.29377431906614787 0.04638671875 0.14137483787289234
5 0.8251953125 0.14656290531776914 0.1875 0.06809338521400778
5 0.67041015625 0.14072632944228275 0.1025390625 0.1511024643320363
5 0.56103515625 0.1504539559014267 0.107421875 0.1219195849546044
5 0.4619140625 0.18417639429312582 0.0537109375 0.048638132295719845
5 0.33837890625 0.18417639429312582 0.11474609375 0.05512321660181582
5 0.16064453125 0.19520103761348898 0.1689453125 0.11024643320363164
4 0.12255859375 0.5298313878080415 0.05859375 0.04345006485084306