5 0.9351491569390402 0.25146484375 0.12905317769131 0.10009765625
5 0.8236057068741893 0.32421875 0.15888456549935148 0.15771484375
5 0.5103761348897535 0.3056640625 0.1219195849546044 0.04248046875
5 0.3099870298313878 0.32373046875 0.1867704280155642 0.078125
2 0.48508430609597925 0.345703125 0.02594033722438392 0.029296875
2 0.5304798962386511 0.35107421875 0.0324254215304799 0.025390625
2 0.46303501945525294 0.34619140625 0.011024643320363165 0.02294921875
2 0.11867704280155641 0.3798828125 0.029182879377431907 0.04638671875
2 0.14721141374837873 0.37744140625 0.027237354085603113 0.0341796875
4 0.029182879377431907 0.52490234375 0.058365758754863814 0.025390625
5 0.6543450064850843 0.30615234375 0.0648508430609598 0.03662109375