5 0.24189364461738003 0.266845703125 0.42412451361867703 0.296875
5 0.8664072632944229 0.379150390625 0.26718547341115434 0.16552734375
5 0.8667315175097277 0.46875 0.14850843060959792 0.09326171875
2 0.14105058365758755 0.372314453125 0.06679636835278858 0.0810546875
2 0.31809338521400776 0.388427734375 0.05058365758754864 0.06494140625
2 0.3537613488975357 0.39306640625 0.04993514915693904 0.07080078125
2 0.37970168612191957 0.3828125 0.02529182879377432 0.03466796875
2 0.40077821011673154 0.388427734375 0.023346303501945526 0.0322265625
2 0.29669260700389105 0.38427734375 0.02594033722438392 0.0361328125
2 0.4980544747081712 0.41064453125 0.04669260700389105 0.04931640625
2 0.6686121919584954 0.441162109375 0.04928664072632944 0.0673828125