5 0.63232421875 0.16374837872892348 0.14208984375 0.13878080415045396
5 0.47802734375 0.19390402075226978 0.0947265625 0.08560311284046693
5 0.36279296875 0.2172503242542153 0.0615234375 0.06614785992217899
5 0.247314453125 0.23054474708171208 0.10986328125 0.1511024643320363
5 0.136962890625 0.2185473411154345 0.1396484375 0.20168612191958496
2 0.1259765625 0.42120622568093385 0.0849609375 0.21076523994811933
2 0.4033203125 0.2827496757457847 0.03857421875 0.0927367055771725
2 0.507568359375 0.23540856031128404 0.021484375 0.04993514915693904
2 0.519775390625 0.2240596627756161 0.01953125 0.03696498054474708
2 0.54638671875 0.2623216601815824 0.0322265625 0.08171206225680934
2 0.560791015625 0.2188715953307393 0.017578125 0.048638132295719845
2 0.752685546875 0.2198443579766537 0.03369140625 0.0622568093385214
2 0.777587890625 0.20946822308690013 0.02783203125 0.054474708171206226
4 0.728515625 0.45265888456549935 0.06005859375 0.05771725032425422
5 0.04150390625 0.2785343709468223 0.0830078125 0.08365758754863813