5 0.31005859375 0.20687418936446172 0.14208984375 0.11024643320363164
5 0.4755859375 0.19779507133592736 0.10009765625 0.04669260700389105
5 0.58740234375 0.1828793774319066 0.04736328125 0.040207522697795074
5 0.68994140625 0.15888456549935148 0.10986328125 0.11867704280155641
5 0.81689453125 0.13618677042801555 0.140625 0.1543450064850843
2 0.8388671875 0.31971465629053175 0.05712890625 0.19001297016861218
2 0.5576171875 0.2619974059662776 0.029296875 0.07782101167315175
2 0.451171875 0.24708171206225682 0.01708984375 0.04215304798962387
2 0.4375 0.24189364461738003 0.01220703125 0.03696498054474708
2 0.4189453125 0.2840466926070039 0.02685546875 0.07587548638132295
2 0.3994140625 0.245136186770428 0.0244140625 0.04345006485084306
2 0.2109375 0.2911802853437095 0.03173828125 0.04539559014267185
2 0.18505859375 0.2833981841763943 0.01708984375 0.038910505836575876
4 0.2685546875 0.5149156939040207 0.05126953125 0.040207522697795074
5 0.9462890625 0.1511024643320363 0.107421875 0.05512321660181582