2 0.8508430609597925 0.379638671875 0.026588845654993514 0.03564453125
2 0.8702983138780804 0.37890625 0.016861219195849545 0.03662109375
2 0.4717898832684825 0.351318359375 0.02464332036316472 0.0283203125
2 0.5087548638132295 0.348388671875 0.021400778210116732 0.0283203125
2 0.5333981841763943 0.3427734375 0.018158236057068743 0.01953125
5 0.06647211413748379 0.262451171875 0.13294422827496757 0.10107421875
5 0.17250324254215305 0.3369140625 0.17055771725032426 0.189453125
5 0.48281452658884566 0.312744140625 0.12062256809338522 0.04052734375
5 0.6929312581063554 0.320068359375 0.20687418936446172 0.08447265625
4 0.9750324254215305 0.521728515625 0.04993514915693904 0.02001953125
5 0.3404669260700389 0.310546875 0.06679636835278858 0.03515625