5 0.17996108949416342 0.345947265625 0.35992217898832685 0.27001953125
5 0.829118028534371 0.306884765625 0.3138780804150454 0.15478515625
5 0.8417639429312581 0.39453125 0.13748378728923477 0.078125
2 0.6569390402075227 0.41015625 0.04345006485084306 0.06201171875
2 0.4601167315175097 0.413818359375 0.03761348897535668 0.0458984375
2 0.2892347600518807 0.43505859375 0.033073929961089495 0.0625
2 0.31712062256809337 0.4326171875 0.029831387808041506 0.06396484375
2 0.2619974059662776 0.436279296875 0.023994811932555125 0.04345703125
2 0.3440337224383917 0.418701171875 0.018158236057068743 0.03369140625
2 0.36154345006485084 0.41796875 0.018158236057068743 0.03759765625
2 0.11770428015564202 0.4580078125 0.04474708171206226 0.08154296875