2 0.052978515625 0.27626459143968873 0.02197265625 0.057068741893644616
2 0.266357421875 0.22827496757457846 0.01904296875 0.03631647211413749
2 0.296142578125 0.2833981841763943 0.03662109375 0.09857328145265888
2 0.3212890625 0.2204928664072633 0.01806640625 0.04409857328145266
2 0.4228515625 0.25713359273670555 0.03125 0.08236057068741894
2 0.5947265625 0.29798962386511024 0.05029296875 0.14332036316472113
5 0.834228515625 0.1618028534370947 0.18896484375 0.07652399481193256
5 0.6796875 0.14883268482490272 0.1064453125 0.1556420233463035
5 0.570068359375 0.15337224383916992 0.1103515625 0.12710765239948119
5 0.47021484375 0.1825551232166018 0.05517578125 0.051232166018158234
5 0.3466796875 0.17671854734111545 0.1162109375 0.06031128404669261
5 0.1689453125 0.17963683527885863 0.171875 0.11802853437094682
4 0.1220703125 0.5123216601815823 0.0595703125 0.046044098573281456