2 0.8813229571984436 0.407470703125 0.048638132295719845 0.0751953125
2 0.7243839169909209 0.404541015625 0.01621271076523995 0.037109375
2 0.6984435797665369 0.41015625 0.0324254215304799 0.05859375
2 0.6679636835278858 0.406005859375 0.03826199740596628 0.06396484375
2 0.6407263294422828 0.396728515625 0.01556420233463035 0.02978515625
2 0.6254863813229572 0.39453125 0.020103761348897537 0.02880859375
2 0.5197795071335928 0.410400390625 0.029831387808041506 0.04541015625
2 0.33690012970168615 0.42236328125 0.03437094682230869 0.06005859375
5 0.14332036316472113 0.3447265625 0.28664072632944226 0.142578125
5 0.14364461738002593 0.43701171875 0.15888456549935148 0.08251953125
5 0.796692607003891 0.30029296875 0.39040207522697795 0.27099609375