2 0.79248046875 0.24319066147859922 0.01904296875 0.026588845654993514
2 0.77294921875 0.2535667963683528 0.0244140625 0.04539559014267185
2 0.560791015625 0.27496757457846954 0.02392578125 0.07652399481193256
2 0.422607421875 0.2733463035019455 0.03662109375 0.08690012970168612
2 0.142822265625 0.3764591439688716 0.08056640625 0.20233463035019456
2 0.524658203125 0.23346303501945526 0.015625 0.03761348897535668
2 0.53564453125 0.22632944228274968 0.0146484375 0.04345006485084306
2 0.578857421875 0.2191958495460441 0.01708984375 0.027885862516212712
5 0.1591796875 0.19876783398184175 0.1328125 0.1569390402075227
5 0.26904296875 0.19520103761348898 0.11083984375 0.14072632944228275
5 0.38623046875 0.21206225680933852 0.06640625 0.05966277561608301
5 0.493408203125 0.1893644617380026 0.087890625 0.07133592736705577
5 0.66064453125 0.17380025940337224 0.15478515625 0.13488975356679636
4 0.7353515625 0.4798962386511025 0.05712890625 0.048638132295719845
5 0.047607421875 0.22568093385214008 0.09521484375 0.07263294422827497