2 0.12386511024643321 0.43505859375 0.029182879377431907 0.03662109375
2 0.10538261997405966 0.438232421875 0.029831387808041506 0.04443359375
2 0.49189364461738 0.35400390625 0.031776913099870296 0.0390625
2 0.45298313878080415 0.3505859375 0.031776913099870296 0.0390625
2 0.4270428015564202 0.353515625 0.02594033722438392 0.029296875
5 0.8621919584954605 0.19384765625 0.14980544747081712 0.109375
5 0.7487029831387808 0.23779296875 0.20233463035019456 0.10595703125
5 0.6024643320363164 0.28759765625 0.08171206225680934 0.0556640625
5 0.46433203631647213 0.310302734375 0.1303501945525292 0.0537109375
5 0.2726977950713359 0.353759765625 0.23022049286640725 0.107421875
4 0.04409857328145266 0.59716796875 0.06031128404669261 0.03271484375