2 0.8797016861219196 0.4306640625 0.026588845654993514 0.0322265625
2 0.8981841763942932 0.433349609375 0.026588845654993514 0.0361328125
2 0.5029182879377432 0.3544921875 0.035667963683527884 0.03564453125
2 0.5492866407263295 0.35302734375 0.023346303501945526 0.021484375
2 0.5706874189364461 0.354736328125 0.016861219195849545 0.02099609375
5 0.23605706874189364 0.2470703125 0.19584954604409857 0.10693359375
5 0.13197146562905318 0.202392578125 0.16926070038910507 0.125
5 0.3735408560311284 0.292724609375 0.0940337224383917 0.05126953125
5 0.5278858625162127 0.31201171875 0.1601815823605707 0.068359375
5 0.7405966277561609 0.352783203125 0.23476005188067445 0.11962890625
4 0.9659533073929961 0.585693359375 0.04798962386511025 0.0302734375