5 0.6835278858625162 0.313720703125 0.19520103761348898 0.08544921875
5 0.4653047989623865 0.314453125 0.13359273670557717 0.0517578125
5 0.324254215304799 0.3232421875 0.07782101167315175 0.0390625
5 0.1611543450064851 0.344482421875 0.17055771725032426 0.17431640625
5 0.061284046692607 0.2734375 0.122568093385214 0.1015625
2 0.4584954604409857 0.353271484375 0.040207522697795074 0.0361328125
2 0.4980544747081712 0.346435546875 0.029831387808041506 0.033203125
2 0.5223735408560312 0.3408203125 0.019455252918287938 0.02392578125
2 0.8453307392996109 0.36181640625 0.018158236057068743 0.04296875
2 0.8605706874189365 0.365478515625 0.023346303501945526 0.03271484375
4 0.9740596627756161 0.503662109375 0.05188067444876784 0.03271484375