2 0.8245784695201037 0.341064453125 0.02529182879377432 0.04541015625
2 0.8404669260700389 0.341796875 0.021400778210116732 0.03564453125
2 0.4406614785992218 0.358154296875 0.029831387808041506 0.03662109375
2 0.4785992217898833 0.348876953125 0.021400778210116732 0.02587890625
2 0.5035667963683528 0.3427734375 0.02464332036316472 0.02734375
5 0.04474708171206226 0.311767578125 0.08949416342412451 0.09716796875
5 0.14234760051880674 0.37890625 0.2204928664072633 0.1982421875
5 0.29766536964980544 0.336669921875 0.07133592736705577 0.05810546875
5 0.4481193255512322 0.3193359375 0.13942931258106356 0.06005859375
5 0.6527237354085603 0.304931640625 0.2178988326848249 0.107421875
4 0.9737354085603113 0.47119140625 0.05252918287937743 0.0283203125