2 0.11446173800259403 0.41748046875 0.04539559014267185 0.07421875
2 0.2710765239948119 0.410400390625 0.014915693904020753 0.037109375
2 0.29766536964980544 0.41552734375 0.029831387808041506 0.0576171875
2 0.32749675745784695 0.410400390625 0.03501945525291829 0.0634765625
2 0.3547341115434501 0.400390625 0.014267185473411154 0.02978515625
2 0.36964980544747084 0.39794921875 0.01880674448767834 0.0283203125
2 0.47632944228274965 0.410888671875 0.027885862516212712 0.04443359375
2 0.6595330739299611 0.418212890625 0.031776913099870296 0.05908203125
5 0.8540856031128404 0.335205078125 0.2918287937743191 0.13525390625
5 0.853112840466926 0.427734375 0.1556420233463035 0.07861328125
5 0.19422827496757458 0.308349609375 0.37937743190661477 0.26171875