2 0.4189453125 0.27561608300907914 0.029296875 0.08625162127107652
2 0.4501953125 0.23929961089494164 0.01806640625 0.038910505836575876
2 0.44140625 0.23086900129701687 0.009765625 0.0324254215304799
2 0.5673828125 0.2619974059662776 0.0244140625 0.08106355382619974
2 0.8701171875 0.32490272373540857 0.068359375 0.19974059662775617
2 0.20947265625 0.28664072632944226 0.02197265625 0.04215304798962387
2 0.18505859375 0.2808041504539559 0.01953125 0.040207522697795074
2 0.39892578125 0.23670557717250323 0.015625 0.0304798962386511
5 0.30810546875 0.20103761348897536 0.14794921875 0.10570687418936446
5 0.4716796875 0.188715953307393 0.0927734375 0.0648508430609598
5 0.59130859375 0.185473411154345 0.03759765625 0.05188067444876784
5 0.7109375 0.14267185473411154 0.1171875 0.1543450064850843
5 0.822265625 0.13618677042801555 0.1123046875 0.14461738002594035
4 0.26708984375 0.5097276264591439 0.05126953125 0.038910505836575876
5 0.9423828125 0.14656290531776914 0.11474609375 0.05188067444876784