5 0.113037109375 0.2817769130998703 0.2021484375 0.1575875486381323
5 0.29541015625 0.22535667963683528 0.115234375 0.07976653696498054
5 0.412353515625 0.20168612191958496 0.05126953125 0.04734111543450065
5 0.51416015625 0.14429312581063553 0.1181640625 0.1264591439688716
5 0.622314453125 0.0959792477302205 0.13525390625 0.16472114137483787
5 0.77001953125 0.08365758754863813 0.1728515625 0.09727626459143969
2 0.53759765625 0.27529182879377434 0.05859375 0.14267185473411154
2 0.381591796875 0.27626459143968873 0.03173828125 0.07263294422827497
2 0.277099609375 0.2853437094682231 0.01953125 0.041504539559014265
2 0.263671875 0.3446822308690013 0.04052734375 0.10440985732814527
2 0.226806640625 0.29863813229571984 0.02197265625 0.04345006485084306
2 0.019775390625 0.3978599221789883 0.02783203125 0.051232166018158234
4 0.1318359375 0.6144617380025941 0.07421875 0.06809338521400778