2 0.12775616083009078 0.37890625 0.014267185473411154 0.02685546875
2 0.14461738002594035 0.37890625 0.022697795071335927 0.02197265625
2 0.5181582360570688 0.35498046875 0.023994811932555125 0.03271484375
2 0.48573281452658884 0.34814453125 0.017509727626459144 0.03173828125
2 0.46303501945525294 0.34375 0.014267185473411154 0.025390625
5 0.933852140077821 0.25048828125 0.13229571984435798 0.0869140625
5 0.8300907911802854 0.32763671875 0.17574578469520102 0.18212890625
5 0.6588845654993515 0.2998046875 0.061608300907911806 0.03515625
5 0.5097276264591439 0.31005859375 0.1264591439688716 0.03662109375
5 0.31841763942931256 0.32275390625 0.1543450064850843 0.07958984375
4 0.027885862516212712 0.5244140625 0.05512321660181582 0.03173828125