2 0.1553177691309987 0.36279296875 0.020752269779507133 0.04736328125
2 0.13683527885862518 0.364990234375 0.016861219195849545 0.04052734375
2 0.5428015564202334 0.35546875 0.031776913099870296 0.029296875
2 0.4987029831387808 0.345703125 0.01621271076523995 0.02099609375
2 0.47438391699092086 0.341552734375 0.01621271076523995 0.02490234375
5 0.9406614785992218 0.275634765625 0.11867704280155641 0.11181640625
5 0.8401426718547341 0.34619140625 0.1874189364461738 0.177734375
5 0.6718547341115434 0.317138671875 0.046044098573281456 0.04345703125
5 0.5275616083009079 0.30712890625 0.12386511024643321 0.052734375
5 0.3330090791180285 0.318359375 0.17444876783398183 0.09326171875
4 0.02496757457846952 0.4990234375 0.04993514915693904 0.025390625