4 0.122802734375 0.428988326848249 0.0712890625 0.06744487678339818
2 0.603515625 0.3099870298313878 0.0634765625 0.14396887159533073
2 0.449951171875 0.23411154345006485 0.04345703125 0.08625162127107652
2 0.352783203125 0.19098573281452658 0.02880859375 0.05642023346303502
2 0.3212890625 0.24254215304798962 0.0458984375 0.11802853437094682
2 0.30126953125 0.1832036316472114 0.02685546875 0.04993514915693904
2 0.079833984375 0.17542153047989623 0.03564453125 0.06420233463035019
5 0.84619140625 0.22535667963683528 0.18017578125 0.10894941634241245
5 0.707275390625 0.18093385214007782 0.12451171875 0.18093385214007782
5 0.6005859375 0.16601815823605706 0.115234375 0.14915693904020752
5 0.499267578125 0.18125810635538261 0.06201171875 0.0622568093385214
5 0.389404296875 0.1511024643320363 0.12890625 0.08236057068741894
5 0.19921875 0.10797665369649806 0.2021484375 0.16407263294422827