2 0.58837890625 0.29442282749675747 0.05126953125 0.14591439688715954
2 0.4150390625 0.2522697795071336 0.02294921875 0.06809338521400778
2 0.310546875 0.23540856031128404 0.01318359375 0.03696498054474708
2 0.29150390625 0.2924773022049287 0.0341796875 0.10246433203631647
2 0.259765625 0.23865110246433205 0.0146484375 0.03696498054474708
2 0.0439453125 0.28858625162127105 0.02197265625 0.04669260700389105
4 0.11572265625 0.5330739299610895 0.0673828125 0.05317769130998703
5 0.15576171875 0.19909208819714655 0.17138671875 0.11219195849546044
5 0.33740234375 0.18417639429312582 0.111328125 0.061608300907911806
5 0.45458984375 0.18482490272373542 0.05126953125 0.04669260700389105
5 0.56689453125 0.15239948119325553 0.1064453125 0.11543450064850844
5 0.669921875 0.13359273670557717 0.10400390625 0.13942931258106356
5 0.81640625 0.14591439688715954 0.17138671875 0.05966277561608301