4 0.11767578125 0.5291828793774319 0.05859375 0.035667963683527884
2 0.291015625 0.2905317769130999 0.02294921875 0.10246433203631647
2 0.25927734375 0.23605706874189364 0.01806640625 0.04215304798962387
2 0.3076171875 0.23670557717250323 0.0146484375 0.04993514915693904
2 0.4091796875 0.25616083009079116 0.02685546875 0.07587548638132295
2 0.57470703125 0.2924773022049287 0.0439453125 0.13488975356679636
2 0.04248046875 0.2924773022049287 0.02294921875 0.05966277561608301
5 0.80712890625 0.15369649805447472 0.17724609375 0.05966277561608301
5 0.6640625 0.13748378728923477 0.10498046875 0.1575875486381323
5 0.560546875 0.1504539559014267 0.10400390625 0.12840466926070038
5 0.45947265625 0.182230869001297 0.0634765625 0.048638132295719845
5 0.32861328125 0.17574578469520102 0.11474609375 0.07457846952010376
5 0.154296875 0.191958495460441 0.18115234375 0.09727626459143969